"Age","BusinessTravel","Department","DistanceFromHome","Education","EnvironmentSatisfaction","Gender","JobInvolvement","JobLevel","JobRotation","FeedbackFromManager","Mentoring","JobRole","MonthlyIncome","MonthlyRate","NumCompaniesWorked","OverTime","PercentSalaryHike","RelationshipSatisfaction","StockOptionLevel","TotalWorkingYears","Training","WorkLifeBalance","YearsAtCompany","YearsInCurrentRole","YearsSinceLastPromotion","YearsWithCurrManager","Performance"
37,"Travel_Frequently","Finance",2,3,2,"Female",3,2,2,"L","Y","Accountant",8861,9747,2,"No",19,2,0,5,"Y",3,5,2,2,2,80
36,"Travel_Rarely","Research & Development",17,4,4,"Female",3,2,3,"L","Y","Research and Design Specialists",6962,19573,1,"Yes",22,4,1,15,"Y",3,1,0,0,0,75
19,"Travel_Rarely","Sales",4,1,4,"Male",3,1,2,"H","N","Sales Manager",1675,26820,1,"Yes",19,4,0,0,"Y",2,0,0,0,0,53
55,"Travel_Rarely","Research & Development",7,3,3,"Female",3,4,2,"L","N","Manager",16659,23258,2,"Yes",13,3,0,30,"Y",3,5,4,1,2,50
35,"Travel_Rarely","Research & Development",22,3,4,"Male",2,3,2,"H","Y","Manufacturing Director",10903,9129,3,"No",16,1,0,16,"Y",3,13,10,4,8,52
41,"Travel_Rarely","Sales",17,3,3,"Female",3,2,4,"L","Y","Sales Executive",4393,26841,7,"No",21,3,1,14,"Y",3,5,4,1,4,64
35,"Travel_Rarely","Research & Development",7,3,3,"Male",3,3,2,"H","Y","Manufacturing Director",10221,18869,9,"No",21,2,0,17,"Y",4,8,5,1,6,59
43,"Travel_Rarely","Sales",5,3,3,"Male",2,3,4,"L","Y","Sales Executive",10798,5268,4,"No",13,3,1,18,"Y",3,1,0,0,0,63
42,"Travel_Rarely","Research & Development",2,4,1,"Male",2,2,1,"H","N","Customercare Representative",6781,17078,3,"No",23,2,0,14,"Y",3,1,0,0,0,51
28,"Travel_Rarely","Research & Development",8,3,1,"Male",2,1,4,"L","Y","Research and Design Specialists",1563,12530,6,"No",14,4,1,1,"Y",1,1,0,0,0,67
50,"Travel_Frequently","Finance",15,3,1,"Male",3,3,1,"H","Y","Accountant",9863,10849,7,"No",19,1,1,9,"Y",1,2,4,1,5,83
34,"Travel_Rarely","Sales",4,4,4,"Male",3,3,2,"L","N","Sales Executive",8628,22914,7,"No",18,3,1,9,"N",2,8,7,1,1,48
28,"Travel_Rarely","Finance",7,4,1,"Male",2,2,1,"H","N","Accountant",9022,9924,8,"Yes",16,3,0,10,"N",3,7,5,3,6,30
34,"Travel_Frequently","Production",24,3,1,"Male",3,4,2,"L","N","Production Supervisors",7241,8689,9,"Yes",17,1,0,8,"Y",3,7,5,1,5,33
43,"Travel_Rarely","Research & Development",14,3,1,"Male",2,4,1,"H","N","Research Director",14336,4345,1,"No",11,3,1,25,"Y",3,25,10,3,9,51
30,"Travel_Rarely","Sales",7,1,3,"Male",3,1,2,"H","N","Sales Representative",2476,17434,1,"No",18,1,1,1,"Y",3,1,0,0,0,59
36,"Travel_Rarely","Research & Development",10,3,4,"Male",2,1,2,"H","N","Research and Design Specialists",3388,21777,0,"Yes",17,1,1,2,"Y",2,1,0,0,0,67
34,"Travel_Rarely","Research & Development",10,4,3,"Female",2,2,2,"H","N","Research and Design Specialists",4505,15000,6,"No",15,3,1,12,"N",3,1,0,0,0,65
30,"Travel_Rarely","Sales",25,3,2,"Male",2,2,1,"L","N","Sales Executive",9714,5323,8,"No",11,4,1,10,"N",3,10,8,6,7,32
50,"Travel_Rarely","Finance",17,4,1,"Male",2,3,1,"L","Y","Accountant",9029,9932,4,"Yes",19,2,0,9,"Y",3,3,3,1,6,75
52,"Travel_Rarely","Finance",13,4,1,"Male",2,3,1,"L","N","Accountant",8138,8952,5,"Yes",15,4,0,6,"N",3,2,5,2,7,30
33,"Travel_Frequently","Research & Development",21,2,1,"Female",3,3,2,"H","N","Research Director",13458,15146,1,"Yes",12,3,0,15,"Y",3,15,14,8,12,70
58,"Non-Travel","Research & Development",5,4,4,"Male",1,2,2,"H","N","Customercare Representative",5660,17056,2,"Yes",13,4,1,12,"Y",3,5,3,1,2,91
31,"Non-Travel","Sales",13,4,4,"Female",3,3,2,"L","N","Sales Executive",9852,8935,8,"Yes",19,1,1,10,"Y",2,10,8,9,6,61
29,"Travel_Rarely","Finance",5,3,2,"Male",2,3,2,"L","Y","Accountant",9447,10392,2,"No",15,2,0,5,"Y",2,3,5,2,3,79
45,"Travel_Rarely","Research & Development",23,3,2,"Female",2,1,2,"H","Y","Research and Design Specialists",2274,6153,2,"No",14,4,0,1,"Y",3,1,0,0,0,70
39,"Travel_Rarely","Research & Development",15,5,2,"Male",3,2,2,"L","Y","Manufacturing Director",5377,3835,6,"No",13,4,3,10,"N",3,7,7,7,7,41
40,"Travel_Rarely","Research & Development",2,2,1,"Male",3,5,2,"H","N","Research Director",19436,5949,0,"No",19,4,1,22,"Y",3,21,7,3,9,66
55,"Travel_Rarely","Research & Development",9,4,2,"Male",4,4,2,"H","Y","Research Director",14732,12414,3,"No",13,4,2,31,"Y",4,7,7,0,0,66
20,"Travel_Rarely","Research & Development",6,3,4,"Female",2,1,2,"L","N","Research and Design Specialists",2600,18275,5,"Yes",15,1,0,1,"N",3,1,0,0,0,36
37,"Non-Travel","Research & Development",12,2,3,"Male",2,2,4,"L","N","Customercare Representative",5163,15850,5,"No",14,4,1,17,"Y",4,1,0,0,0,42
29,"Travel_Rarely","Research & Development",24,2,3,"Male",4,1,2,"L","N","Research and Design Specialists",2700,23779,5,"No",24,3,1,10,"N",3,10,7,0,7,43
26,"Travel_Rarely","Finance",2,3,2,"Female",2,3,1,"L","Y","Accountant",9265,10192,8,"Yes",16,1,0,5,"Y",2,4,7,3,4,74
34,"Travel_Rarely","Sales",3,2,3,"Female",3,2,1,"H","Y","Sales Executive",6500,13305,2,"No",17,2,1,6,"Y",3,3,2,1,2,56
38,"Travel_Rarely","Research & Development",16,4,4,"Male",3,2,2,"L","N","Manufacturing Director",6553,7259,9,"No",14,2,0,14,"N",3,1,0,0,0,49
27,"Non-Travel","Research & Development",9,3,3,"Male",2,1,1,"H","N","Research and Design Specialists",2566,25326,1,"Yes",15,4,1,1,"Y",2,1,1,0,1,55
38,"Travel_Rarely","Sales",20,2,4,"Male",3,3,4,"H","Y","Sales Executive",7351,20619,8,"No",16,3,0,10,"Y",3,1,0,0,0,74
37,"Travel_Rarely","Finance",19,3,2,"Male",2,2,1,"L","Y","Accountant",9477,10425,8,"Yes",16,3,1,5,"Y",2,10,3,2,6,56
47,"Travel_Rarely","Finance",15,3,1,"Female",3,2,1,"L","Y","Accountant",8029,8832,5,"Yes",15,1,0,6,"Y",3,4,2,3,2,64
32,"Travel_Rarely","Sales",14,4,3,"Male",2,2,2,"L","N","Sales Executive",9907,26186,4,"Yes",12,3,0,7,"Y",2,2,2,2,2,59
21,"Travel_Frequently","Production",6,2,1,"Female",2,1,2,"H","N","Machinists ",2625,25308,2,"No",20,3,0,2,"N",1,2,2,2,2,24
39,"Travel_Rarely","Sales",21,3,4,"Male",3,2,1,"L","N","Sales Representative",2086,3335,3,"No",14,3,1,19,"N",4,1,0,0,0,40
35,"Travel_Rarely","Research & Development",20,3,4,"Male",3,3,1,"H","N","Customercare Representative",7632,14295,4,"Yes",12,3,0,10,"Y",3,8,7,0,0,55
44,"Travel_Frequently","Human Resources",24,5,1,"Male",3,2,4,"L","Y","Human Resources",5743,10503,2,"Yes",11,3,0,14,"Y",3,10,7,0,2,82
24,"Travel_Rarely","Production",17,1,4,"Female",2,2,1,"L","N","Manufacturing Director",4377,24117,8,"No",15,2,2,5,"N",3,4,2,3,2,40
30,"Travel_Frequently","Sales",19,4,3,"Female",2,2,1,"L","Y","Sales Executive",6696,22967,5,"No",15,3,0,9,"N",2,6,3,0,1,26
47,"Travel_Rarely","Finance",9,4,2,"Male",2,2,2,"L","Y","Accountant",8354,9189,7,"Yes",20,2,0,10,"Y",3,10,2,2,4,56
28,"Travel_Rarely","Research & Development",17,3,4,"Male",3,1,4,"H","Y","Research and Design Specialists",2080,4732,5,"No",11,2,0,5,"Y",2,3,2,1,2,63
38,"Travel_Frequently","Production",19,3,1,"Female",2,2,4,"L","N","Production Supervisors",6648,7313,4,"No",20,4,0,5,"Y",2,6,5,2,5,36
38,"Travel_Rarely","Research & Development",12,2,3,"Male",2,3,2,"L","N","Research Director",11510,15682,0,"Yes",14,2,1,12,"N",3,11,10,2,9,44
22,"Travel_Rarely","Research & Development",15,3,4,"Male",4,1,4,"H","Y","Research and Design Specialists",2328,12392,1,"Yes",16,1,1,4,"Y",2,4,2,2,2,64
51,"Travel_Rarely","IT_Suppport",20,3,1,"Male",2,2,2,"L","Y","IT specialists",9897,10887,2,"Yes",15,1,1,7,"Y",3,5,7,3,4,62
51,"Travel_Frequently","Production",24,2,2,"Female",2,1,4,"H","N","Machinists ",2838,4257,4,"No",14,2,0,8,"Y",2,7,0,7,7,79
34,"Travel_Rarely","Production",6,2,2,"Male",3,1,1,"L","Y","Machinists ",2661,8758,0,"No",11,3,1,3,"N",3,2,2,1,2,39
35,"Travel_Rarely","Research & Development",20,4,2,"Male",1,2,1,"H","N","Research and Design Specialists",6646,19368,5,"No",13,2,0,17,"Y",3,17,11,11,8,51
26,"Travel_Frequently","Production",23,2,1,"Female",1,1,3,"H","N","Machinists ",4364,5288,5,"No",14,1,1,5,"Y",3,2,2,2,0,87
30,"Travel_Rarely","Human Resources",23,3,3,"Male",3,2,4,"H","N","Human Resources",6347,13982,0,"Yes",19,4,0,12,"Y",1,11,9,4,7,65
40,"Travel_Rarely","Production",23,4,2,"Male",3,1,2,"L","Y","Machinists ",2387,6762,5,"No",22,3,1,7,"Y",3,4,2,0,3,68
34,"Travel_Rarely","Research & Development",23,4,1,"Female",3,3,2,"H","N","Research Director",11994,21293,0,"No",11,3,0,13,"Y",3,12,6,2,11,70
43,"Travel_Frequently","Production",19,4,3,"Female",3,1,2,"H","N","Machinists ",2455,10675,0,"No",19,1,0,9,"Y",3,8,7,1,7,53
40,"Travel_Rarely","Sales",16,2,4,"Female",3,2,2,"L","N","Sales Executive",4639,11262,4,"No",15,3,1,5,"N",3,5,4,1,2,33
38,"Travel_Rarely","Finance",12,4,2,"Female",3,3,1,"H","Y","Accountant",6998,7698,5,"No",19,2,1,7,"Y",2,2,2,1,5,85
38,"Travel_Frequently","Production",4,2,3,"Female",2,1,2,"L","Y","Machinists ",2468,15963,2,"No",14,2,1,9,"Y",2,6,1,0,5,52
42,"Travel_Rarely","IT_Suppport",2,3,2,"Male",2,3,1,"L","N","IT specialists",5319,5851,5,"Yes",18,3,0,9,"N",3,3,5,2,2,28
40,"Travel_Rarely","Sales",1,4,3,"Male",2,3,4,"H","N","Sales Executive",10855,8552,7,"No",11,1,1,15,"Y",2,12,11,2,11,64
29,"Travel_Frequently","Research & Development",12,1,1,"Male",3,2,4,"H","N","Customercare Representative",8853,24483,1,"No",19,4,1,6,"Y",4,6,4,1,3,67
35,"Travel_Rarely","Sales",2,3,1,"Female",3,2,3,"H","N","Sales Executive",4859,6698,1,"No",16,4,0,5,"Y",3,5,4,0,3,71
43,"Travel_Frequently","Research & Development",23,3,3,"Female",3,3,1,"L","N","Manufacturing Director",10820,11535,9,"No",11,3,1,18,"N",3,8,7,0,1,38
51,"Travel_Rarely","Research & Development",9,2,4,"Female",2,4,1,"L","Y","Manufacturing Director",13142,24439,7,"No",16,2,0,29,"Y",2,5,2,0,3,56
40,"Travel_Rarely","Sales",6,2,3,"Male",2,2,1,"L","N","Sales Executive",6380,6110,2,"Yes",12,1,2,8,"N",3,6,4,1,0,35
40,"Travel_Rarely","Sales",12,3,2,"Female",2,2,1,"H","N","Sales Executive",6852,11591,1,"No",12,2,1,7,"N",4,5,1,1,3,39
44,"Travel_Frequently","Research & Development",8,2,3,"Male",3,1,1,"L","Y","Research and Design Specialists",2342,11092,7,"Yes",12,3,3,6,"N",2,5,3,2,3,38
34,"Travel_Rarely","Research & Development",11,3,4,"Male",3,3,4,"L","N","Customercare Representative",8500,5494,8,"No",11,4,1,10,"Y",2,9,7,1,6,69
49,"Travel_Rarely","Finance",5,4,1,"Male",3,3,1,"L","Y","Accountant",9898,10888,2,"No",17,2,1,6,"N",1,2,2,1,2,82
20,"Travel_Rarely","Production",15,3,1,"Male",3,1,2,"L","N","Machinists ",2973,13008,8,"No",19,2,0,1,"N",3,1,0,0,0,44
19,"Travel_Frequently","Sales",22,1,3,"Female",1,1,1,"L","N","Sales Representative",2325,20989,0,"No",21,1,0,1,"N",4,0,0,0,0,40
30,"Travel_Rarely","Research & Development",5,2,4,"Female",3,2,2,"L","Y","Research and Design Specialists",5775,11934,1,"No",13,4,2,11,"N",3,10,8,1,9,24
49,"Travel_Frequently","Research & Development",4,1,3,"Male",2,2,4,"H","N","Research and Design Specialists",5130,24907,1,"No",23,4,1,10,"Y",3,10,7,1,7,79
38,"Travel_Rarely","Human Resources",2,3,3,"Male",4,1,2,"L","Y","Human Resources",2844,6004,3,"No",13,4,1,7,"N",4,7,6,5,0,49
35,"Travel_Frequently","Research & Development",6,3,2,"Male",3,1,3,"L","N","Research and Design Specialists",2194,5868,4,"No",13,4,1,5,"Y",2,3,2,1,2,46
49,"Travel_Frequently","Research & Development",8,4,3,"Female",3,5,1,"H","Y","Research Director",18665,25594,9,"Yes",11,4,0,22,"Y",3,3,2,1,2,56
22,"Travel_Rarely","Production",6,1,3,"Male",3,1,2,"L","Y","Machinists ",2523,19299,0,"No",14,3,1,3,"N",3,2,1,2,1,44
25,"Travel_Rarely","Sales",10,1,2,"Male",3,1,2,"L","N","Sales Representative",2096,26376,5,"No",11,3,0,7,"N",3,7,4,0,6,36
48,"Travel_Rarely","Finance",6,4,1,"Male",3,2,1,"L","N","Accountant",9157,10073,5,"No",20,3,1,6,"N",2,3,2,3,3,26
36,"Travel_Rarely","Research & Development",7,3,4,"Male",3,3,2,"L","Y","Customercare Representative",8321,25949,8,"Yes",13,4,1,15,"N",3,12,8,5,7,45
34,"Travel_Rarely","Research & Development",7,2,4,"Female",3,1,1,"L","N","Research and Design Specialists",2311,5711,2,"No",15,4,0,9,"N",3,3,2,1,2,31
45,"Travel_Rarely","Sales",20,3,4,"Male",3,2,1,"H","N","Sales Executive",4805,16177,0,"No",19,2,1,9,"Y",4,8,7,3,7,58
31,"Travel_Rarely","Sales",13,4,2,"Male",1,2,1,"L","N","Sales Executive",6172,20739,4,"Yes",18,2,0,12,"N",2,7,7,7,7,28
29,"Travel_Rarely","Sales",6,3,3,"Male",2,2,2,"L","Y","Sales Executive",5869,23413,7,"No",11,3,0,8,"Y",3,5,2,1,4,66
50,"Travel_Rarely","Research & Development",7,5,4,"Female",2,3,1,"L","Y","Research Director",13269,21981,7,"No",15,3,3,19,"N",3,14,11,1,11,38
28,"Travel_Rarely","Research & Development",6,4,1,"Male",1,1,2,"L","N","Research and Design Specialists",3464,24737,5,"Yes",13,4,0,5,"N",2,3,2,2,2,48
27,"Travel_Rarely","Research & Development",8,4,4,"Female",3,1,1,"H","Y","Research and Design Specialists",2394,25681,8,"Yes",13,4,0,8,"N",3,8,2,7,7,27
22,"Travel_Rarely","Research & Development",16,3,1,"Female",3,1,2,"L","N","Research and Design Specialists",2244,24440,1,"No",13,4,1,2,"N",3,2,1,1,2,43
36,"Non-Travel","Sales",10,5,4,"Female",3,2,1,"H","N","Sales Executive",6653,15276,4,"No",15,2,0,7,"Y",3,1,0,0,0,51
32,"Non-Travel","Research & Development",8,4,3,"Female",3,2,4,"L","Y","Customercare Representative",6667,16542,4,"No",18,2,1,9,"Y",3,5,1,1,2,67
44,"Travel_Rarely","Research & Development",11,4,1,"Female",2,3,1,"H","N","Customercare Representative",10248,2094,3,"No",14,4,1,24,"Y",3,22,6,5,17,58
39,"Travel_Rarely","Human Resources",24,3,4,"Female",2,2,3,"L","Y","Human Resources",5204,7790,3,"No",11,3,2,13,"Y",3,5,4,0,4,83
43,"Travel_Rarely","Human Resources",18,3,2,"Male",3,1,2,"L","N","Human Resources",3539,5033,5,"No",13,2,0,10,"Y",3,9,7,1,8,85
38,"Travel_Rarely","Sales",15,2,1,"Female",4,2,1,"H","N","Sales Executive",5605,19191,1,"Yes",24,3,1,8,"Y",3,8,0,7,7,51
53,"Travel_Rarely","Sales",15,2,2,"Male",3,2,1,"H","N","Sales Representative",2306,16047,2,"Yes",20,4,1,13,"Y",1,7,7,4,5,56
38,"Travel_Rarely","Research & Development",3,1,3,"Female",3,1,4,"H","N","Research and Design Specialists",2619,14561,1,"No",17,4,0,8,"Y",2,0,0,0,0,64
35,"Non-Travel","Research & Development",15,4,3,"Female",3,2,2,"L","N","Customercare Representative",4148,12250,5,"No",12,4,1,15,"Y",3,14,11,2,9,77
54,"Travel_Rarely","Sales",8,3,4,"Female",3,2,2,"H","N","Sales Executive",5940,17011,2,"No",14,4,1,16,"Y",3,6,2,0,5,52
25,"Travel_Rarely","Human Resources",25,3,3,"Female",3,1,4,"L","Y","Human Resources",2187,19655,6,"No",14,3,0,6,"Y",3,2,0,1,2,65
55,"Travel_Frequently","Finance",12,4,1,"Male",3,2,1,"L","Y","Accountant",8413,9254,7,"No",16,4,1,6,"N",2,10,2,2,4,81
35,"Travel_Rarely","Production",19,3,2,"Male",3,3,3,"L","N","Production Supervisors",6854,7539,6,"No",19,1,1,7,"N",3,2,6,1,4,31
29,"Travel_Rarely","Production",3,4,2,"Male",1,1,1,"L","N","Machinists ",2119,4759,1,"Yes",11,4,0,7,"N",2,7,7,0,7,39
29,"Travel_Rarely","Finance",6,3,2,"Female",3,2,2,"L","N","IT specialists",10399,11439,9,"No",16,1,0,6,"N",1,6,4,1,3,36
49,"Travel_Rarely","Finance",5,3,1,"Male",3,2,1,"L","Y","Accountant",9541,10495,1,"No",20,2,1,7,"N",2,5,7,3,2,80
47,"Travel_Rarely","Research & Development",18,2,3,"Female",3,4,2,"H","Y","Manager",16752,12982,4,"Yes",11,3,1,26,"Y",2,26,14,3,0,78
42,"Travel_Rarely","Research & Development",1,2,4,"Male",3,4,4,"H","Y","Manager",17665,14399,4,"No",17,4,1,23,"Y",3,22,6,13,7,69
53,"Travel_Frequently","Finance",9,4,2,"Female",2,2,4,"H","N","Accountant",9097,10007,2,"No",17,2,0,5,"N",3,8,5,2,2,36
49,"Travel_Rarely","IT_Suppport",19,3,2,"Male",3,4,2,"L","N","IT specialists",5931,6524,2,"No",19,2,0,5,"N",2,2,7,3,7,38
54,"Travel_Rarely","Production",25,4,3,"Female",3,2,2,"H","N","Machinists ",3780,23428,7,"No",11,3,0,19,"Y",3,1,0,0,0,60
35,"Travel_Rarely","Research & Development",6,1,3,"Male",3,1,1,"L","N","Research and Design Specialists",3506,6020,3,"Yes",14,4,0,4,"N",3,3,2,2,2,38
50,"Travel_Rarely","Sales",20,4,4,"Female",3,5,2,"L","N","Manager",19517,24118,3,"No",11,3,1,32,"N",2,7,0,0,6,45
36,"Non-Travel","Sales",17,4,2,"Male",3,3,1,"H","N","Sales Executive",9980,15318,1,"No",14,4,0,10,"Y",2,10,3,9,7,55
45,"Travel_Frequently","Production",11,3,1,"Male",3,3,2,"H","N","Machinists ",5210,20308,1,"No",18,1,1,24,"Y",3,24,9,9,11,62
39,"Travel_Rarely","Research & Development",17,1,4,"Male",2,3,3,"L","Y","Customercare Representative",9991,21457,5,"No",15,1,1,9,"Y",3,7,7,1,7,75
36,"Travel_Rarely","Research & Development",12,2,2,"Male",3,2,2,"H","N","Manufacturing Director",4941,2819,6,"No",20,4,2,7,"Y",3,3,2,0,1,70
49,"Non-Travel","Research & Development",24,4,4,"Male",3,2,2,"H","N","Manufacturing Director",6804,23793,1,"Yes",15,1,2,7,"Y",3,7,7,1,7,59
27,"Travel_Rarely","Sales",25,3,4,"Male",3,2,2,"L","Y","Sales Executive",4105,5099,1,"No",14,1,0,7,"Y",3,7,7,0,7,53
30,"Non-Travel","Sales",22,2,4,"Female",3,2,2,"L","N","Sales Executive",4736,6069,7,"Yes",12,2,1,4,"N",4,2,2,2,2,48
51,"Travel_Rarely","Production",8,3,1,"Male",3,2,4,"L","N","Production Supervisors",6735,7409,8,"No",19,3,1,10,"N",1,9,5,3,2,32
46,"Travel_Rarely","Sales",14,3,3,"Female",2,3,4,"H","N","Sales Executive",9071,11563,2,"Yes",19,3,1,15,"Y",3,3,2,1,2,63
49,"Travel_Rarely","Research & Development",23,4,4,"Male",2,5,2,"L","N","Research Director",19502,2125,5,"Yes",17,3,1,31,"N",3,31,9,0,9,46
36,"Travel_Rarely","Production",3,2,4,"Male",3,2,3,"H","N","Machinists ",5914,9945,8,"No",16,4,0,16,"Y",4,13,11,3,7,71
32,"Travel_Frequently","Sales",23,2,2,"Male",3,2,4,"L","Y","Sales Executive",6524,8891,3,"No",14,4,1,10,"Y",3,10,8,5,3,69
47,"Travel_Frequently","Finance",12,4,1,"Female",3,3,3,"H","N","Accountant",9542,10496,2,"No",15,3,0,9,"N",3,7,7,3,4,48
34,"Travel_Rarely","Sales",24,3,4,"Male",2,3,2,"L","Y","Sales Executive",7083,12288,6,"Yes",14,4,0,10,"Y",3,10,9,8,6,73
35,"Travel_Rarely","Production",14,3,2,"Male",4,2,2,"L","N","Machinists ",3407,25348,5,"No",17,4,2,10,"N",2,10,9,6,8,45
42,"Travel_Rarely","Research & Development",5,3,2,"Male",4,2,4,"L","Y","Customercare Representative",5538,5696,4,"No",18,3,2,10,"Y",2,0,0,0,0,67
40,"Non-Travel","Research & Development",12,1,4,"Male",2,3,4,"L","N","Research Director",13757,25178,3,"No",11,3,1,16,"Y",3,9,8,4,8,64
31,"Travel_Rarely","Research & Development",2,4,3,"Female",3,3,2,"H","Y","Manufacturing Director",7143,25713,1,"Yes",14,3,0,11,"Y",2,11,9,4,10,60
52,"Travel_Rarely","Research & Development",16,2,4,"Male",3,4,2,"H","Y","Manager",17099,13829,7,"No",15,2,1,26,"Y",2,9,8,7,8,77
44,"Travel_Rarely","Research & Development",9,3,1,"Female",3,3,2,"L","N","Customercare Representative",7978,14075,4,"No",11,4,1,10,"N",3,10,7,0,5,25
46,"Travel_Rarely","Sales",12,3,3,"Female",3,4,3,"H","N","Manager",16606,11380,2,"No",12,4,1,23,"Y",4,13,12,5,1,76
45,"Travel_Rarely","Finance",21,4,1,"Male",3,3,2,"L","N","Accountant",8140,8954,1,"Yes",18,3,0,9,"Y",1,8,2,1,6,32
49,"Travel_Rarely","Production",3,4,3,"Female",3,1,2,"L","Y","Machinists ",3211,22102,3,"No",14,4,1,10,"N",2,9,6,1,4,46
32,"Travel_Rarely","Research & Development",13,3,2,"Male",3,2,4,"L","N","Research and Design Specialists",6220,7346,1,"No",17,2,2,10,"Y",3,10,4,0,9,34
38,"Travel_Rarely","Research & Development",7,4,2,"Female",4,2,2,"L","N","Customercare Representative",7625,19383,7,"No",13,3,0,10,"N",2,9,7,1,8,48
37,"Travel_Frequently","Production",25,3,1,"Male",3,1,1,"L","N","Production Supervisors",6698,7368,5,"No",18,4,0,5,"Y",3,6,6,1,4,38
34,"Travel_Rarely","Finance",19,4,1,"Male",2,3,1,"L","Y","Accountant",9665,10632,8,"Yes",20,3,0,10,"Y",2,8,3,2,6,70
44,"Non-Travel","Research & Development",25,3,4,"Male",1,1,2,"H","Y","Research and Design Specialists",2290,4279,3,"No",13,4,0,6,"Y",3,0,0,0,0,54
36,"Travel_Rarely","Research & Development",4,3,3,"Female",3,2,2,"H","Y","Manufacturing Director",5228,23361,8,"No",15,1,1,10,"Y",3,9,7,0,5,60
41,"Travel_Rarely","Research & Development",6,5,2,"Male",4,1,4,"H","N","Research and Design Specialists",2127,5561,8,"Yes",12,1,0,7,"Y",2,4,2,0,3,69
41,"Travel_Rarely","Production",13,3,4,"Male",3,1,1,"H","Y","Machinists ",4721,3119,6,"Yes",13,3,0,20,"Y",3,18,13,2,17,55
32,"Travel_Rarely","Production",17,1,4,"Male",2,2,2,"H","N","Machinists ",2176,19737,4,"No",13,4,0,9,"Y",3,6,2,0,4,57
26,"Travel_Rarely","Research & Development",1,3,3,"Female",2,1,2,"H","N","Research and Design Specialists",2368,23300,1,"No",19,3,0,5,"Y",2,5,4,4,3,70
54,"Non-Travel","Human Resources",6,3,4,"Female",4,4,1,"L","N","Manager",17328,13871,2,"Yes",12,3,0,23,"N",3,5,3,4,4,48
30,"Travel_Rarely","Research & Development",8,3,3,"Male",3,2,2,"H","N","Manufacturing Director",9957,9096,9,"No",15,3,1,7,"N",2,6,2,0,2,45
29,"Travel_Rarely","IT_Suppport",8,3,2,"Female",3,5,2,"L","Y","IT specialists",9224,10146,4,"No",17,1,1,7,"Y",2,8,2,1,4,78
55,"Travel_Rarely","Production",11,2,2,"Male",3,2,2,"L","N","Machinists ",5415,15972,3,"Yes",19,4,1,12,"N",3,10,7,0,8,42
26,"Travel_Frequently","Research & Development",21,1,3,"Male",3,1,2,"L","N","Research and Design Specialists",3102,6582,0,"No",22,3,0,7,"N",3,6,4,0,4,45
38,"Travel_Rarely","Research & Development",23,3,2,"Male",1,2,1,"L","Y","Customercare Representative",5811,24539,6,"Yes",16,3,1,15,"N",3,1,0,1,0,39
42,"Travel_Rarely","Research & Development",2,2,4,"Male",2,5,4,"L","Y","Manager",19613,26362,6,"No",22,4,0,24,"Y",3,1,0,0,1,79
56,"Travel_Rarely","Production",16,3,4,"Male",1,3,3,"H","N","Manufacturing Director",7260,21698,4,"No",11,1,0,37,"Y",2,6,4,0,2,51
47,"Travel_Rarely","Research & Development",7,5,4,"Male",3,5,4,"H","N","Research Director",18300,16375,4,"No",11,2,1,21,"Y",3,3,2,1,1,80
38,"Travel_Frequently","Research & Development",13,3,4,"Male",2,3,1,"L","N","Manufacturing Director",9526,8787,0,"No",21,2,0,10,"N",3,9,7,1,8,39
52,"Travel_Rarely","Research & Development",21,2,4,"Male",3,2,2,"H","N","Research and Design Specialists",5577,22087,6,"Yes",12,2,2,18,"Y",3,10,9,6,9,53
37,"Travel_Frequently","Finance",4,3,1,"Female",3,3,2,"L","Y","Accountant",9202,10122,9,"No",20,1,0,10,"Y",1,4,7,3,2,63
41,"Travel_Rarely","Research & Development",14,3,4,"Male",3,1,2,"L","Y","Research and Design Specialists",2782,21412,7,"No",22,1,1,12,"Y",3,5,3,1,0,57
37,"Travel_Rarely","Research & Development",7,2,4,"Male",4,1,2,"L","N","Research and Design Specialists",4680,15232,3,"No",17,1,0,4,"N",3,1,0,0,0,41
40,"Travel_Frequently","Production",8,3,1,"Male",2,4,4,"L","N","Production Supervisors",6572,7229,8,"Yes",17,4,1,7,"Y",3,6,3,3,5,33
30,"Travel_Rarely","Production",15,3,1,"Female",2,2,2,"L","Y","Machinists ",4627,23631,8,"No",12,1,1,10,"Y",3,9,2,6,7,54
45,"Travel_Rarely","Research & Development",25,3,2,"Male",3,3,2,"L","N","Manufacturing Director",9380,14720,9,"Yes",18,4,2,10,"Y",4,3,1,1,2,57
47,"Non-Travel","Sales",24,4,3,"Male",3,2,2,"L","N","Sales Executive",4978,3536,8,"No",11,4,1,4,"Y",1,1,0,0,0,54
26,"Travel_Rarely","Production",8,4,1,"Male",3,1,1,"L","N","Machinists ",2373,14180,2,"Yes",13,4,1,5,"N",3,3,2,0,2,27
36,"Travel_Rarely","Sales",19,5,2,"Male",2,2,2,"L","N","Sales Executive",6134,8658,3,"Yes",13,2,3,16,"N",3,2,2,2,2,33
28,"Travel_Rarely","Research & Development",5,4,3,"Male",3,1,2,"L","N","Research and Design Specialists",4382,16374,5,"No",17,4,0,5,"N",2,2,2,2,1,30
55,"Travel_Rarely","Finance",11,4,1,"Male",2,3,1,"L","Y","Accountant",8117,8929,6,"Yes",15,3,1,5,"Y",2,6,6,3,2,58
34,"Travel_Rarely","Sales",2,2,3,"Female",3,2,1,"H","N","Sales Executive",6125,23553,6,"No",12,4,0,10,"Y",4,10,8,9,6,55
40,"Travel_Frequently","Research & Development",1,2,3,"Female",4,2,2,"H","Y","Customercare Representative",4244,9931,2,"No",24,4,1,8,"Y",3,8,7,3,7,66
55,"Travel_Rarely","Sales",4,4,1,"Male",4,4,2,"H","N","Sales Executive",13695,9277,4,"Yes",17,3,0,24,"N",2,19,7,3,8,48
40,"Travel_Rarely","Production",1,3,1,"Male",3,1,2,"L","N","Machinists ",2166,3339,6,"Yes",14,2,0,10,"Y",1,4,2,0,3,57
46,"Travel_Rarely","Research & Development",7,4,4,"Male",3,5,1,"H","Y","Research Director",19627,21445,1,"No",17,4,2,23,"Y",3,2,2,2,2,56
36,"Travel_Rarely","Sales",6,4,2,"Female",2,2,2,"L","N","Sales Executive",6652,14369,3,"No",13,1,1,8,"N",2,6,3,0,0,25
27,"Travel_Rarely","Production",19,4,4,"Female",3,1,2,"L","N","Machinists ",2341,19715,1,"No",13,4,1,1,"N",3,1,0,0,0,48
54,"Travel_Rarely","Finance",19,3,2,"Male",2,2,1,"L","Y","Accountant",9225,10148,5,"No",17,2,0,10,"Y",3,2,3,1,3,79
48,"Travel_Rarely","Research & Development",20,3,4,"Male",3,3,4,"L","N","Manufacturing Director",7898,18706,9,"No",11,3,0,11,"Y",3,10,9,0,8,63
31,"Travel_Frequently","Sales",17,4,4,"Male",3,2,2,"L","Y","Sales Executive",5332,21602,1,"No",13,4,0,10,"Y",3,5,2,0,3,73
38,"Travel_Rarely","Finance",6,3,1,"Male",2,2,1,"L","Y","Accountant",9967,10964,3,"Yes",18,3,0,10,"Y",2,5,4,1,5,67
44,"Non-Travel","Production",24,3,1,"Male",1,1,2,"L","N","Machinists ",3708,2104,2,"No",14,3,0,9,"N",3,5,2,1,4,44
30,"Travel_Frequently","Research & Development",9,3,3,"Female",3,1,2,"H","N","Research and Design Specialists",2083,22653,1,"No",20,3,1,1,"Y",3,1,0,0,0,70
35,"Travel_Rarely","Sales",19,3,3,"Male",3,2,1,"L","Y","Sales Executive",5813,13492,3,"Yes",18,4,0,10,"N",3,10,7,7,7,38
38,"Travel_Rarely","Finance",19,3,2,"Female",3,3,2,"L","Y","Accountant",8285,9114,5,"No",17,2,1,8,"N",1,3,3,3,6,62
40,"Travel_Rarely","Research & Development",13,3,3,"Female",3,3,2,"L","Y","Manufacturing Director",7945,19948,7,"Yes",15,4,0,18,"N",2,4,2,3,3,41
31,"Travel_Rarely","Sales",6,4,2,"Male",3,2,4,"H","N","Sales Executive",4233,11512,2,"No",17,3,0,9,"Y",1,3,1,1,2,65
49,"Travel_Rarely","Production",6,2,1,"Female",3,3,2,"L","Y","Machinists ",7403,22477,3,"No",11,3,1,29,"Y",2,26,9,1,7,60
26,"Non-Travel","Production",16,3,4,"Male",3,1,2,"L","N","Machinists ",2570,11925,5,"No",20,3,0,7,"N",3,7,7,5,7,46
52,"Travel_Frequently","Finance",21,4,1,"Female",2,2,1,"H","Y","Accountant",9771,10748,3,"No",17,4,0,8,"Y",2,9,2,3,5,60
29,"Travel_Frequently","Sales",8,3,1,"Female",3,2,2,"H","Y","Sales Executive",5765,17485,2,"No",11,1,0,7,"Y",1,5,3,0,0,57
35,"Travel_Rarely","Production",17,3,4,"Male",2,1,2,"L","N","Machinists ",2450,21731,3,"No",19,2,0,3,"Y",3,3,0,1,2,73
49,"Travel_Rarely","Research & Development",2,4,1,"Male",3,2,4,"L","Y","Customercare Representative",6651,21534,3,"No",14,2,1,20,"Y",2,3,2,1,2,74
44,"Travel_Rarely","Finance",23,3,2,"Female",3,2,1,"L","N","Accountant",9083,9991,1,"Yes",19,4,1,8,"Y",1,7,3,1,6,38
55,"Travel_Rarely","Sales",9,3,1,"Male",4,2,3,"L","Y","IT specialists",6996,7696,9,"Yes",19,3,1,10,"Y",3,5,4,1,5,84
31,"Travel_Rarely","Finance",21,3,1,"Male",2,3,2,"L","Y","Accountant",9556,10512,5,"Yes",16,2,1,9,"Y",2,7,7,2,2,58
37,"Travel_Rarely","Research & Development",14,2,1,"Female",1,2,2,"H","N","Customercare Representative",4777,14382,4,"No",15,1,0,15,"N",1,1,0,0,0,7
29,"Travel_Rarely","Research & Development",19,3,1,"Female",3,1,3,"L","Y","Research and Design Specialists",3760,5598,4,"No",15,1,3,3,"Y",3,3,2,1,2,75
31,"Travel_Frequently","Research & Development",25,3,4,"Male",1,2,2,"L","Y","Research and Design Specialists",5003,5771,1,"No",21,2,0,10,"Y",3,10,8,8,7,78
51,"Travel_Frequently","Research & Development",20,4,1,"Male",1,3,2,"L","Y","Manufacturing Director",10650,25150,2,"No",15,4,0,18,"N",3,4,2,0,3,46
37,"Travel_Frequently","Sales",21,2,3,"Female",3,1,1,"L","N","Sales Representative",2973,21222,9,"No",15,2,1,10,"N",3,5,4,0,0,38
32,"Travel_Rarely","Research & Development",23,3,3,"Male",3,3,2,"H","Y","Manager",11244,21072,3,"No",25,2,0,10,"Y",4,5,2,0,0,50
33,"Travel_Rarely","Sales",13,3,1,"Female",3,3,2,"L","N","Sales Executive",8564,10092,1,"Yes",20,3,0,11,"N",2,0,0,0,0,46
51,"Travel_Rarely","Finance",16,4,2,"Male",2,2,2,"L","Y","Accountant",9223,10145,2,"Yes",17,3,0,7,"N",1,4,6,1,5,79
34,"Travel_Frequently","Research & Development",14,4,4,"Male",3,1,2,"H","Y","Research and Design Specialists",3815,5972,1,"Yes",17,4,1,5,"Y",4,5,3,2,0,73
37,"Travel_Rarely","Sales",21,3,3,"Male",3,3,2,"L","N","Sales Executive",7428,14506,2,"No",12,1,0,12,"N",3,5,3,1,3,36
25,"Travel_Rarely","Sales",1,4,3,"Male",3,2,3,"L","Y","Sales Executive",4950,20623,5,"No",14,2,0,5,"Y",3,4,3,1,1,88
43,"Non-Travel","Research & Development",14,3,4,"Male",4,1,4,"H","Y","Research and Design Specialists",2089,5228,4,"No",14,4,3,7,"Y",4,5,4,2,2,64
29,"Travel_Frequently","Research & Development",9,4,2,"Male",1,1,4,"H","N","Research and Design Specialists",2720,18959,9,"No",18,4,1,10,"Y",3,10,7,2,8,65
32,"Travel_Frequently","Production",11,3,2,"Male",4,1,4,"H","Y","Machinists ",2794,26062,1,"No",20,3,0,5,"Y",1,5,1,0,3,64
43,"Travel_Frequently","Research & Development",6,3,2,"Female",4,1,2,"H","N","Research and Design Specialists",4739,16090,4,"No",12,4,0,18,"Y",3,3,2,1,2,53
27,"Travel_Rarely","Research & Development",12,4,1,"Female",2,1,1,"H","N","Research and Design Specialists",2187,5013,4,"No",12,3,2,6,"Y",2,5,3,0,3,58
45,"Travel_Rarely","Human Resources",18,3,3,"Female",1,3,2,"L","Y","Human Resources",9756,6595,9,"No",21,3,2,9,"N",4,5,0,0,3,41
35,"Travel_Rarely","Production",3,3,4,"Male",1,1,1,"H","N","Machinists ",4230,19225,0,"No",15,3,0,6,"Y",3,5,4,4,3,55
52,"Travel_Rarely","IT_Suppport",8,4,1,"Female",4,2,1,"H","Y","IT specialists",6407,7048,9,"Yes",15,3,0,7,"Y",2,4,6,2,3,62
35,"Travel_Frequently","Sales",15,4,4,"Female",3,2,2,"L","Y","Sales Executive",4614,23288,1,"Yes",18,3,1,5,"N",2,4,2,3,2,42
37,"Travel_Rarely","Research & Development",22,3,2,"Male",4,1,2,"L","Y","Research and Design Specialists",3564,22977,1,"Yes",12,1,1,8,"N",2,8,7,1,7,43
31,"Travel_Rarely","Research & Development",8,4,3,"Male",3,1,3,"H","N","Research and Design Specialists",2695,7747,0,"Yes",18,2,1,3,"Y",1,2,2,2,2,75
40,"Travel_Rarely","Sales",9,2,2,"Male",1,2,2,"L","N","Sales Executive",7457,13273,2,"Yes",22,3,3,6,"N",2,4,3,0,2,43
32,"Non-Travel","Production",18,3,4,"Male",3,1,2,"L","Y","Machinists ",2314,9148,8,"No",12,2,1,4,"Y",3,3,0,0,2,68
34,"Travel_Frequently","Production",21,3,2,"Male",4,5,1,"L","N","Production Supervisors",5959,7151,5,"No",19,4,1,6,"N",2,5,4,3,6,33
42,"Travel_Frequently","Research & Development",25,3,3,"Male",4,1,2,"L","N","Research and Design Specialists",2759,20366,4,"Yes",12,4,0,7,"N",3,2,2,2,2,42
32,"Travel_Frequently","Production",19,4,1,"Male",3,2,4,"H","N","Machinists ",5309,21146,6,"No",15,4,2,10,"Y",3,10,8,4,7,63
40,"Travel_Rarely","Production",3,2,3,"Female",3,1,4,"L","Y","Machinists ",3377,25605,4,"No",17,4,1,7,"Y",2,4,3,0,2,63
35,"Travel_Frequently","Research & Development",14,2,3,"Male",3,3,2,"L","N","Manufacturing Director",9362,19944,7,"No",11,3,0,10,"Y",3,2,2,2,2,68
34,"Travel_Rarely","Research & Development",6,4,3,"Female",3,2,2,"H","N","Customercare Representative",6687,6163,1,"No",11,4,0,14,"Y",4,14,11,4,11,60
31,"Travel_Frequently","Production",11,3,2,"Male",3,1,2,"L","N","Machinists ",3722,21081,9,"Yes",13,3,1,7,"Y",1,2,2,2,2,59
31,"Travel_Rarely","Finance",25,3,2,"Female",3,2,1,"L","Y","Accountant",8333,9166,1,"Yes",19,1,0,9,"N",1,2,5,1,7,51
34,"Travel_Rarely","Sales",3,2,2,"Male",3,1,1,"H","Y","Sales Representative",2308,4944,1,"Yes",25,2,1,12,"Y",3,11,10,5,7,58
49,"Travel_Rarely","Research & Development",14,2,1,"Male",2,5,2,"L","Y","Manager",18711,12124,6,"No",13,3,1,23,"Y",4,1,0,0,0,66
37,"Travel_Rarely","Research & Development",9,2,3,"Female",2,2,1,"H","Y","Customercare Representative",5731,17171,6,"No",13,3,2,9,"Y",3,6,2,1,3,51
31,"Travel_Frequently","Research & Development",25,1,3,"Female",3,2,2,"H","Y","Manufacturing Director",4148,11275,6,"No",12,3,1,4,"Y",3,4,3,0,3,66
24,"Travel_Rarely","Sales",22,2,1,"Female",3,2,1,"H","N","Sales Executive",4577,24785,7,"No",14,1,0,4,"Y",3,2,2,2,0,55
40,"Travel_Rarely","Finance",24,3,2,"Male",2,3,1,"L","Y","Accountant",9106,10017,7,"Yes",20,4,1,8,"Y",3,9,2,1,3,66
52,"Non-Travel","Research & Development",16,4,4,"Male",3,1,2,"H","N","Research and Design Specialists",4258,26589,9,"No",18,1,1,5,"Y",3,4,3,1,2,52
59,"Travel_Rarely","Sales",7,3,3,"Female",2,2,4,"L","Y","Sales Executive",5171,16490,5,"No",17,4,0,13,"Y",3,6,1,0,5,63
30,"Travel_Rarely","Sales",10,2,3,"Male",2,3,1,"L","N","Sales Executive",7140,3088,5,"No",11,1,1,12,"N",3,7,7,1,7,23
37,"Travel_Frequently","Research & Development",4,3,2,"Male",3,3,4,"H","Y","Research Director",12185,10056,1,"Yes",14,3,3,10,"Y",3,10,8,0,7,69
54,"Travel_Frequently","Research & Development",6,4,2,"Female",3,4,4,"L","N","Manager",16032,24456,7,"No",20,1,1,26,"Y",3,14,9,1,12,82
27,"Travel_Frequently","Production",11,4,1,"Female",3,2,4,"L","N","Production Supervisors",5435,5979,1,"No",18,4,0,9,"N",1,6,6,1,4,35
27,"Travel_Rarely","Research & Development",18,3,2,"Female",4,1,3,"L","Y","Research and Design Specialists",3517,22490,2,"No",17,1,0,5,"Y",3,3,2,0,2,71
32,"Non-Travel","Production",15,4,4,"Female",3,1,2,"L","N","Machinists ",4025,11135,5,"No",12,2,0,10,"N",3,8,7,7,7,24
33,"Travel_Rarely","IT_Suppport",13,4,1,"Male",3,3,4,"L","N","IT specialists",8542,9396,1,"Yes",17,1,0,7,"N",3,9,5,1,7,39
36,"Travel_Rarely","Production",18,4,1,"Male",2,2,2,"L","Y","Machinists ",5810,22604,6,"No",16,3,0,10,"Y",2,10,4,1,8,54
45,"Travel_Frequently","Finance",4,3,2,"Male",2,2,4,"L","N","Accountant",9537,10491,8,"No",19,4,0,8,"N",2,6,7,2,3,32
38,"Travel_Rarely","Sales",3,3,3,"Male",3,2,3,"H","N","Sales Executive",9924,12355,6,"No",11,4,1,10,"Y",3,9,8,7,7,76
44,"Travel_Rarely","Research & Development",10,4,4,"Male",3,2,3,"H","Y","Customercare Representative",6465,19121,2,"Yes",13,4,0,9,"Y",4,4,2,1,3,84
47,"Travel_Frequently","Sales",25,3,4,"Female",3,4,2,"H","N","Sales Executive",13770,10225,2,"Yes",12,4,2,28,"Y",2,22,2,11,13,53
48,"Travel_Rarely","Finance",24,4,1,"Male",2,3,1,"L","Y","Accountant",9382,10320,9,"No",18,4,1,5,"N",3,3,5,2,3,65
33,"Travel_Rarely","Research & Development",14,1,2,"Female",3,1,2,"L","N","Research and Design Specialists",3452,17241,6,"No",18,1,0,5,"N",3,3,2,0,2,48
34,"Travel_Rarely","Research & Development",24,4,1,"Female",3,2,2,"H","Y","Research and Design Specialists",4809,12482,1,"No",14,3,0,16,"Y",3,16,13,2,10,56
38,"Travel_Rarely","Production",20,3,1,"Male",3,2,1,"L","N","Production Supervisors",6693,7362,9,"No",18,4,0,10,"Y",2,10,4,2,6,40
38,"Travel_Rarely","Research & Development",7,5,4,"Male",3,1,2,"H","N","Research and Design Specialists",3057,20471,7,"Yes",13,2,1,6,"Y",1,1,0,0,1,68
42,"Travel_Rarely","Sales",14,2,4,"Male",3,5,2,"L","N","Manager",18303,7770,2,"No",13,2,0,21,"N",4,1,0,0,0,41
39,"Travel_Rarely","Research & Development",25,1,3,"Male",3,3,1,"L","N","Research Director",13464,7914,6,"No",21,3,0,9,"Y",3,4,3,2,2,55
34,"Non-Travel","Sales",18,4,2,"Male",3,2,2,"L","N","Sales Executive",4568,10034,0,"No",20,3,0,10,"N",3,9,5,8,7,42
28,"Travel_Rarely","Research & Development",24,2,4,"Female",3,1,2,"H","N","Research and Design Specialists",3310,4488,1,"No",21,4,0,5,"Y",3,5,3,0,2,68
34,"Travel_Rarely","Research & Development",18,4,4,"Male",4,1,3,"L","Y","Research and Design Specialists",2932,5586,1,"Yes",14,1,3,6,"Y",3,5,0,1,2,84
55,"Non-Travel","Research & Development",17,1,4,"Male",2,4,2,"L","Y","Customercare Representative",13577,25592,6,"Yes",15,4,1,34,"Y",3,33,9,15,0,61
31,"Travel_Rarely","Research & Development",10,5,1,"Female",3,4,2,"L","N","Research Director",16422,8847,5,"No",11,3,0,9,"Y",4,3,2,1,0,77
54,"Travel_Rarely","Research & Development",15,3,4,"Male",3,4,2,"L","Y","Research Director",17779,23474,6,"No",14,1,0,36,"Y",3,10,9,0,9,57
42,"Travel_Rarely","Finance",10,3,1,"Male",3,2,2,"L","Y","Accountant",9438,10382,7,"Yes",18,2,0,9,"N",2,3,2,1,6,56
34,"Non-Travel","Sales",1,3,1,"Male",4,2,1,"L","N","Sales Executive",5304,4652,8,"Yes",13,2,0,9,"N",2,5,2,0,4,39
43,"Travel_Rarely","Research & Development",1,3,1,"Female",2,5,4,"L","Y","Manager",19392,22539,9,"No",13,4,0,21,"Y",3,16,12,6,14,69
54,"Travel_Rarely","Research & Development",24,4,2,"Female",4,3,1,"L","N","IT specialists",10773,11850,9,"No",20,2,0,5,"N",1,3,3,2,2,27
32,"Travel_Rarely","Production",8,2,4,"Male",3,2,2,"L","N","Machinists ",4883,22845,9,"No",18,1,1,10,"N",3,10,4,1,1,41
20,"Travel_Rarely","Sales",25,1,4,"Male",3,1,1,"L","N","Sales Representative",2728,21082,4,"No",11,1,0,2,"N",3,2,2,0,2,38
54,"Travel_Rarely","Human Resources",23,4,3,"Male",3,3,1,"H","N","Human Resources",10725,6729,2,"No",15,3,1,16,"Y",4,9,7,7,1,58
31,"Travel_Rarely","Finance",24,3,1,"Male",2,3,1,"L","N","Accountant",9112,10023,5,"Yes",19,2,0,5,"Y",1,6,2,3,5,35
28,"Travel_Rarely","Production",17,1,3,"Female",3,1,1,"L","N","Machinists ",2515,22955,3,"Yes",11,4,0,1,"N",2,1,1,0,0,29
45,"Travel_Rarely","Research & Development",4,2,1,"Male",3,1,2,"L","N","Research and Design Specialists",2654,9655,3,"No",21,4,2,8,"N",2,2,2,0,2,48
32,"Travel_Rarely","Sales",10,5,4,"Male",3,2,2,"H","N","Sales Executive",9204,23343,5,"No",12,3,1,7,"Y",2,4,3,0,3,72
53,"Travel_Rarely","Research & Development",3,4,3,"Male",3,4,2,"H","Y","Research Director",17584,21016,3,"Yes",16,4,3,21,"Y",2,5,3,1,3,61
38,"Travel_Rarely","Research & Development",23,3,2,"Female",1,3,2,"L","N","Research Director",13206,3376,6,"No",12,1,1,20,"N",3,18,16,1,11,49
45,"Non-Travel","Research & Development",13,2,1,"Male",2,4,4,"H","N","Manager",16792,20462,9,"No",23,4,1,22,"Y",3,20,8,11,8,69
51,"Travel_Rarely","Research & Development",13,4,2,"Male",2,3,2,"L","N","Research Director",12490,15736,5,"No",16,4,2,16,"N",1,10,9,4,7,46
52,"Travel_Rarely","Research & Development",23,4,2,"Male",3,3,1,"L","Y","Customercare Representative",10445,15322,6,"No",19,4,0,18,"Y",3,8,6,4,0,51
30,"Travel_Frequently","Human Resources",22,3,3,"Female",2,1,2,"L","N","Human Resources",2180,9732,9,"No",11,3,1,6,"Y",2,4,2,1,2,54
42,"Travel_Frequently","Research & Development",22,2,1,"Female",3,2,2,"H","N","Research and Design Specialists",4556,12932,2,"No",11,2,1,19,"Y",3,5,4,0,2,54
44,"Travel_Rarely","Human Resources",16,3,3,"Female",3,1,2,"L","Y","Human Resources",3195,4167,6,"Yes",18,1,3,8,"Y",3,2,2,2,2,57
45,"Travel_Rarely","Research & Development",15,3,3,"Male",3,1,1,"L","N","Research and Design Specialists",3452,9752,5,"No",13,2,0,9,"N",2,6,5,0,3,39
49,"Travel_Rarely","Finance",23,4,2,"Female",3,3,1,"L","Y","Accountant",8974,9871,1,"No",18,3,0,5,"N",1,6,2,1,6,61
50,"Travel_Frequently","Finance",9,3,2,"Male",2,2,2,"L","Y","Accountant",8126,8939,5,"No",20,1,1,7,"Y",2,9,7,1,3,72
40,"Travel_Rarely","Research & Development",18,4,3,"Female",3,1,2,"L","N","Research and Design Specialists",2001,12549,6,"No",14,2,3,20,"N",3,5,3,0,2,46
53,"Travel_Rarely","Finance",13,4,1,"Male",3,2,2,"L","Y","Accountant",8882,9770,8,"Yes",15,2,1,9,"N",1,9,5,1,5,59
38,"Travel_Rarely","Research & Development",8,2,2,"Male",3,1,2,"L","Y","Research and Design Specialists",4771,14293,8,"No",19,4,2,10,"Y",4,5,2,0,3,57
28,"Travel_Frequently","Research & Development",18,3,3,"Male",2,1,4,"H","Y","Research and Design Specialists",2703,22088,8,"Yes",14,4,1,3,"Y",3,3,1,0,2,67
35,"Travel_Rarely","Production",8,2,3,"Male",2,1,4,"L","N","Machinists ",2690,7713,5,"No",18,4,1,1,"Y",2,1,0,0,1,64
49,"Travel_Rarely","Finance",16,4,2,"Male",3,2,2,"L","N","Accountant",9931,10924,9,"No",16,4,0,6,"N",1,5,6,3,3,28
45,"Non-Travel","Sales",17,4,2,"Female",2,2,1,"L","Y","Sales Executive",5593,17970,4,"No",13,4,1,15,"Y",3,15,10,4,12,55
25,"Travel_Rarely","Sales",25,3,3,"Male",2,2,2,"H","N","Sales Executive",5744,26959,1,"Yes",11,4,0,6,"N",3,6,4,0,3,69
43,"Travel_Frequently","Production",21,3,4,"Male",3,1,4,"H","N","Machinists ",2258,15238,7,"No",20,1,1,8,"Y",3,3,2,1,2,64
26,"Non-Travel","Sales",21,2,2,"Male",1,2,1,"H","N","Sales Executive",4969,21813,1,"No",18,4,0,7,"N",3,2,2,2,2,47
32,"Travel_Rarely","Finance",14,3,2,"Male",2,3,1,"L","N","Accountant",9133,10046,6,"Yes",15,3,0,8,"N",2,7,2,3,7,37
39,"Travel_Rarely","Production",2,2,3,"Male",2,2,2,"L","Y","Machinists ",3069,10302,7,"No",15,4,1,11,"Y",3,10,8,0,7,50
41,"Travel_Rarely","Sales",5,2,2,"Female",3,2,1,"L","N","Sales Executive",5993,19479,8,"Yes",11,1,0,8,"N",1,6,4,0,5,29
29,"Travel_Rarely","Research & Development",18,1,4,"Male",1,2,1,"L","N","Customercare Representative",6384,21143,9,"No",17,4,2,11,"Y",3,7,0,1,6,56
32,"Non-Travel","Sales",24,1,3,"Female",3,1,2,"H","N","Sales Representative",2827,14947,1,"No",12,3,3,1,"N",3,1,0,0,0,49
46,"Travel_Rarely","Sales",3,2,2,"Female",3,3,4,"H","N","Sales Executive",10453,2137,1,"No",25,3,3,24,"Y",3,24,13,15,7,82
51,"Travel_Rarely","Finance",10,3,1,"Female",2,3,1,"L","N","Accountant",9114,10025,5,"Yes",20,3,1,9,"Y",3,5,7,3,6,39
41,"Travel_Rarely","Research & Development",19,2,3,"Male",3,2,2,"H","N","Research and Design Specialists",3072,19877,2,"No",16,1,2,17,"Y",2,1,0,0,0,57
43,"Travel_Frequently","Production",9,4,2,"Male",2,5,2,"L","Y","Production Supervisors",7186,8623,1,"No",17,1,0,7,"Y",1,7,5,1,5,58
31,"Travel_Rarely","Research & Development",10,4,3,"Male",3,1,2,"H","Y","Research and Design Specialists",2501,18775,1,"No",17,2,0,1,"Y",3,1,1,1,0,61
54,"Travel_Rarely","Research & Development",9,4,4,"Female",3,2,1,"L","N","Manufacturing Director",5485,22670,8,"Yes",11,2,2,9,"N",3,5,3,1,4,47
46,"Travel_Frequently","Research & Development",22,3,3,"Male",2,3,2,"H","N","Customercare Representative",10673,3142,2,"Yes",13,3,1,21,"Y",2,10,9,9,5,60
53,"Travel_Rarely","Research & Development",6,2,4,"Female",3,5,1,"H","Y","Manager",18606,18640,8,"No",18,2,1,26,"N",3,7,7,4,7,23
54,"Travel_Rarely","Research & Development",13,2,1,"Female",3,2,1,"L","Y","Research and Design Specialists",2897,22474,5,"No",11,3,2,9,"Y",2,4,3,2,3,51
35,"Travel_Rarely","Production",25,3,4,"Female",2,2,4,"H","Y","Machinists ",5363,10846,9,"No",12,2,1,10,"Y",3,9,7,0,0,82
42,"Travel_Rarely","Finance",16,3,2,"Male",2,2,2,"L","Y","Accountant",8989,9888,4,"Yes",18,4,1,10,"N",1,7,3,2,3,71
19,"Travel_Rarely","Research & Development",15,2,3,"Male",3,1,1,"H","N","Research and Design Specialists",2552,7172,3,"No",25,3,0,1,"N",3,1,1,0,0,37
31,"Travel_Rarely","Research & Development",7,3,2,"Male",2,2,1,"H","N","Customercare Representative",5582,14408,0,"No",21,2,1,10,"Y",3,9,0,7,8,51
20,"Travel_Frequently","Sales",13,3,4,"Female",3,1,1,"H","N","Sales Representative",2323,17205,9,"Yes",14,2,0,2,"N",3,2,2,0,2,23
27,"Travel_Frequently","Sales",5,1,4,"Female",4,2,2,"H","N","Sales Executive",4647,16673,4,"Yes",20,2,2,6,"Y",3,6,5,0,4,59
28,"Travel_Rarely","Sales",16,3,2,"Female",3,1,4,"L","Y","Sales Representative",2856,3692,6,"No",19,4,1,1,"Y",3,1,0,0,0,63
40,"Travel_Rarely","Sales",3,2,2,"Female",3,2,2,"L","Y","Sales Executive",5677,4258,1,"No",14,3,1,15,"Y",3,11,8,5,10,78
32,"Travel_Rarely","Sales",15,2,3,"Female",2,2,1,"L","Y","Sales Executive",5228,24624,1,"Yes",11,4,0,13,"N",3,13,12,11,9,35
39,"Travel_Rarely","Finance",22,4,1,"Female",2,3,3,"H","Y","Accountant",9412,10353,2,"Yes",15,4,0,5,"Y",1,4,5,3,2,68
56,"Non-Travel","Research & Development",25,4,3,"Male",3,2,2,"L","Y","Customercare Representative",6306,26236,9,"No",21,1,1,13,"Y",2,13,12,1,9,57
37,"Travel_Rarely","Finance",22,3,2,"Male",3,3,3,"L","Y","Accountant",9814,10795,7,"Yes",17,1,1,5,"Y",3,8,4,2,4,61
46,"Travel_Rarely","Research & Development",16,2,4,"Male",3,3,4,"L","N","Manufacturing Director",8578,19989,1,"No",14,3,1,12,"Y",2,9,8,4,7,63
35,"Travel_Rarely","Research & Development",6,3,4,"Female",2,3,2,"H","N","Manufacturing Director",10685,23457,2,"Yes",20,2,1,17,"N",3,17,14,5,15,43
39,"Travel_Rarely","IT_Suppport",13,4,2,"Male",3,2,4,"L","N","IT specialists",5717,6289,7,"Yes",15,4,0,5,"N",2,2,3,1,4,27
40,"Travel_Rarely","Research & Development",16,4,3,"Male",2,1,2,"L","Y","Research and Design Specialists",2809,2725,6,"No",14,4,0,8,"Y",3,2,2,2,2,59
21,"Travel_Rarely","Sales",8,1,3,"Male",3,1,2,"L","Y","Sales Representative",2380,25479,4,"Yes",11,4,0,2,"Y",3,2,2,1,2,53
27,"Travel_Rarely","Research & Development",9,3,2,"Male",4,2,4,"L","Y","Manufacturing Director",6142,5174,8,"Yes",20,2,1,6,"Y",3,6,2,0,3,64
45,"Travel_Rarely","Research & Development",21,2,4,"Female",2,4,2,"L","Y","Research Director",16704,17119,5,"No",11,3,0,21,"N",3,21,6,8,6,42
47,"Travel_Rarely","Sales",15,4,4,"Male",3,2,2,"L","N","Sales Executive",4960,11825,1,"No",12,4,0,20,"N",3,7,7,1,7,48
34,"Travel_Rarely","Research & Development",23,3,3,"Female",2,3,1,"H","Y","Manager",11631,5615,2,"No",12,4,0,14,"Y",3,11,10,5,8,62
36,"Travel_Rarely","Sales",18,2,2,"Male",2,3,4,"H","N","Sales Executive",7596,3809,1,"No",13,2,2,10,"Y",3,10,9,9,0,82
29,"Travel_Rarely","Research & Development",11,3,4,"Male",3,2,4,"H","N","Manufacturing Director",4262,22645,4,"No",12,2,2,8,"Y",4,3,2,1,2,65
41,"Travel_Rarely","Research & Development",5,2,4,"Female",3,2,2,"L","Y","Manufacturing Director",5003,23371,9,"No",14,2,0,8,"Y",3,2,2,2,1,57
52,"Travel_Rarely","Finance",21,4,2,"Male",3,3,2,"L","N","Accountant",9190,10109,2,"Yes",17,1,0,9,"Y",3,10,3,2,2,30
24,"Travel_Rarely","Production",10,1,2,"Male",3,1,2,"L","N","Machinists ",3907,3622,7,"No",13,2,3,6,"N",4,6,2,1,2,49
33,"Travel_Rarely","Research & Development",13,4,4,"Male",4,1,2,"L","N","Research and Design Specialists",3143,6076,6,"No",19,2,1,14,"Y",3,10,8,7,6,60
28,"Travel_Rarely","Sales",4,2,4,"Female",3,2,2,"L","N","Sales Executive",9854,23352,9,"Yes",11,4,0,6,"N",3,2,0,2,2,36
55,"Travel_Rarely","Research & Development",19,4,4,"Male",3,2,4,"H","N","Customercare Representative",4035,16143,4,"Yes",16,2,0,4,"Y",3,3,2,1,2,80
53,"Travel_Rarely","IT_Suppport",1,4,2,"Male",3,3,1,"L","Y","IT specialists",5782,6360,7,"No",17,3,1,5,"Y",3,8,2,2,7,57
40,"Travel_Rarely","Production",19,4,1,"Male",3,1,2,"L","Y","Machinists ",2406,4060,3,"No",19,3,2,8,"Y",2,1,0,0,0,72
46,"Travel_Frequently","Production",4,3,2,"Male",4,3,3,"L","N","Production Supervisors",5100,5610,2,"Yes",20,2,0,5,"Y",3,10,2,3,7,40
25,"Travel_Frequently","Finance",2,4,1,"Male",2,3,3,"H","Y","Accountant",8160,8976,2,"No",19,2,0,7,"Y",3,4,4,1,6,72
26,"Travel_Rarely","Research & Development",21,1,1,"Male",2,1,2,"H","Y","Research and Design Specialists",3904,4050,5,"No",12,4,0,5,"Y",3,4,3,1,1,62
33,"Travel_Frequently","Research & Development",25,4,4,"Female",3,1,2,"H","Y","Research and Design Specialists",2909,23159,1,"Yes",11,3,0,8,"Y",3,8,7,3,0,52
49,"Travel_Frequently","Production",7,2,1,"Male",2,2,1,"H","Y","Machinists ",4284,22710,2,"No",20,1,0,20,"N",3,4,3,1,3,15
36,"Non-Travel","Research & Development",12,3,1,"Female",4,3,2,"H","N","Research Director",11713,20335,2,"No",14,1,1,10,"Y",3,8,7,0,5,54
46,"Travel_Rarely","Research & Development",7,3,3,"Female",3,2,2,"H","N","Manufacturing Director",4810,26314,2,"No",14,3,1,19,"Y",2,10,7,0,8,52
43,"Travel_Frequently","Sales",8,2,3,"Male",3,4,2,"H","N","Manager",16959,19494,1,"Yes",12,4,2,25,"Y",4,25,12,4,12,59
55,"Non-Travel","Research & Development",22,1,3,"Male",2,4,2,"L","Y","Manager",16756,17323,2,"No",15,2,0,31,"Y",4,9,7,6,2,62
31,"Travel_Rarely","Human Resources",9,5,4,"Male",4,1,1,"L","Y","Human Resources",2956,21495,3,"No",17,3,0,2,"Y",3,1,0,0,0,55
26,"Travel_Frequently","Research & Development",5,3,1,"Male",3,1,1,"L","N","Research and Design Specialists",2042,15346,9,"Yes",14,2,1,6,"N",3,3,2,1,2,39
35,"Travel_Frequently","Sales",9,5,2,"Male",3,3,2,"H","N","Sales Executive",9069,11031,1,"No",22,4,1,9,"Y",2,9,8,1,8,58
35,"Travel_Rarely","Production",22,4,4,"Male",3,1,1,"L","Y","Machinists ",2660,20232,8,"Yes",11,3,1,5,"Y",3,2,2,2,2,51
57,"Travel_Rarely","Research & Development",18,2,3,"Male",4,3,2,"H","N","Customercare Representative",9439,23402,3,"Yes",16,2,1,12,"Y",1,5,3,1,4,54
35,"Travel_Rarely","Production",2,2,3,"Male",3,1,4,"H","N","Machinists ",1951,10910,1,"No",12,3,1,1,"Y",3,1,0,0,0,51
35,"Travel_Rarely","Production",22,4,4,"Male",2,1,2,"H","Y","Machinists ",2258,16340,3,"No",12,2,1,10,"Y",3,8,0,1,7,66
31,"Travel_Rarely","Production",12,1,4,"Female",1,1,2,"L","Y","Machinists ",1129,17536,2,"Yes",11,3,3,1,"Y",3,1,0,0,0,61
33,"Travel_Frequently","Research & Development",17,4,4,"Female",3,3,2,"H","N","Manager",11878,23364,6,"No",11,2,2,12,"Y",3,10,6,8,8,72
45,"Travel_Rarely","Production",21,3,2,"Male",4,2,2,"L","N","Production Supervisors",5984,6582,6,"Yes",19,1,1,10,"N",1,7,5,3,3,31
33,"Travel_Frequently","Research & Development",18,3,1,"Male",3,1,1,"L","N","Research and Design Specialists",3348,3164,8,"Yes",11,1,0,10,"N",3,10,8,9,7,37
41,"Travel_Rarely","Production",12,4,2,"Male",3,1,2,"H","N","Machinists ",4766,9051,4,"Yes",11,1,1,6,"N",3,1,0,0,0,49
43,"Travel_Frequently","Sales",19,4,1,"Male",3,2,1,"L","N","Sales Executive",5675,19246,3,"No",20,3,1,7,"Y",3,7,7,7,7,58
56,"Travel_Rarely","Research & Development",24,3,3,"Female",3,1,4,"H","N","Research and Design Specialists",4257,13939,4,"Yes",18,3,1,19,"Y",3,2,2,2,2,65
25,"Travel_Rarely","Production",22,1,4,"Male",3,1,1,"H","Y","Machinists ",3669,9075,5,"No",11,3,3,7,"N",2,3,2,1,2,35
43,"Travel_Rarely","Sales",9,3,4,"Female",3,4,1,"L","N","Manager",16064,7744,5,"Yes",22,3,1,22,"N",3,17,13,1,9,34
26,"Travel_Rarely","Finance",5,3,2,"Male",2,3,2,"L","N","Accountant",8999,9899,6,"No",20,4,1,10,"N",2,4,2,1,2,42
50,"Travel_Frequently","Research & Development",23,5,2,"Male",3,4,2,"L","N","Customercare Representative",11245,20689,5,"Yes",15,3,1,32,"N",3,30,8,12,13,45
29,"Travel_Rarely","Research & Development",25,3,3,"Male",3,1,2,"H","N","Research and Design Specialists",2058,19757,0,"No",14,4,0,7,"Y",2,6,2,1,5,62
43,"Travel_Rarely","Production",24,3,4,"Male",4,1,2,"L","Y","Machinists ",4876,5855,3,"No",12,3,1,8,"N",3,6,4,0,2,49
50,"Travel_Rarely","Research & Development",22,2,2,"Female",2,5,4,"H","Y","Research Director",18740,16701,5,"Yes",12,4,1,29,"Y",2,27,3,13,8,60
35,"Travel_Rarely","Sales",25,3,2,"Male",3,2,2,"H","N","Sales Executive",4717,18659,9,"No",11,3,0,15,"Y",3,11,9,6,9,70
23,"Travel_Rarely","Production",4,1,2,"Male",3,1,2,"H","N","Machinists ",2500,4344,6,"No",14,4,1,5,"Y",4,4,3,0,2,61
25,"Travel_Rarely","Sales",2,1,3,"Male",3,2,2,"L","Y","Sales Executive",4194,14363,6,"Yes",18,4,0,5,"Y",3,5,3,0,3,59
37,"Travel_Rarely","Research & Development",13,2,2,"Male",3,1,2,"L","N","Research and Design Specialists",3022,10227,4,"No",21,1,0,8,"Y",3,1,0,0,0,47
22,"Travel_Rarely","Research & Development",14,1,3,"Male",3,1,2,"L","N","Research and Design Specialists",2323,11992,1,"No",24,1,2,2,"N",3,2,2,2,2,45
31,"Travel_Rarely","Human Resources",9,2,4,"Female",4,1,2,"H","Y","Human Resources",2109,24609,8,"No",18,4,0,8,"Y",3,3,2,0,2,50
30,"Travel_Rarely","Sales",1,3,4,"Female",2,2,2,"H","N","Sales Executive",6118,5431,1,"No",13,3,3,10,"Y",3,10,9,1,2,54
45,"Travel_Rarely","Finance",8,4,2,"Female",2,2,2,"L","N","Accountant",9064,9970,9,"Yes",17,4,1,8,"N",2,6,4,2,3,50
43,"Travel_Frequently","Production",11,5,4,"Male",3,2,4,"H","N","Machinists ",5679,19627,6,"Yes",13,2,1,10,"Y",3,8,7,4,7,65
28,"Travel_Frequently","Production",15,3,2,"Male",4,2,4,"L","N","Production Supervisors",6945,7640,5,"No",20,4,0,10,"Y",2,3,6,1,6,37
37,"Non-Travel","Production",23,2,3,"Male",4,1,2,"H","Y","Machinists ",3500,25470,4,"No",14,1,0,7,"Y",1,6,5,1,3,70
29,"Travel_Rarely","Finance",21,3,2,"Male",2,3,2,"L","N","Accountant",9492,10441,8,"Yes",17,4,0,8,"Y",1,8,5,2,5,49
28,"Travel_Frequently","Finance",24,3,2,"Male",3,2,1,"L","N","Accountant",8152,8967,2,"No",17,4,1,7,"N",1,3,5,3,5,40
29,"Non-Travel","Sales",6,3,4,"Male",3,2,3,"H","N","Sales Executive",4649,16928,1,"No",14,1,1,4,"Y",2,4,3,0,2,81
30,"Travel_Frequently","Research & Development",19,4,4,"Female",2,1,4,"L","Y","Research and Design Specialists",4968,26427,9,"No",16,4,0,10,"Y",3,9,7,0,7,65
34,"Travel_Rarely","Finance",10,3,1,"Male",2,2,2,"L","Y","Accountant",8175,8993,2,"No",20,1,0,8,"N",1,9,5,3,6,61
40,"Non-Travel","Sales",7,3,3,"Male",1,3,2,"L","N","Sales Executive",10932,11373,3,"No",15,3,1,20,"N",3,1,0,0,1,46
47,"Travel_Rarely","Sales",7,4,4,"Female",2,1,1,"H","Y","Sales Representative",3294,13137,5,"Yes",18,1,0,3,"Y",2,3,2,1,2,51
45,"Non-Travel","Research & Development",6,1,3,"Male",2,3,4,"L","N","Customercare Representative",10748,3395,5,"No",23,4,1,25,"Y",2,23,15,14,4,63
50,"Travel_Frequently","Sales",22,4,2,"Male",3,2,2,"L","N","Sales Executive",6728,14255,5,"No",12,4,2,12,"N",3,6,3,0,1,46
35,"Travel_Rarely","Research & Development",15,5,2,"Male",4,2,2,"L","N","Research and Design Specialists",5208,26312,2,"No",11,4,0,16,"N",3,16,15,1,10,46
48,"Travel_Frequently","Production",15,3,2,"Male",2,3,1,"L","N","Production Supervisors",7652,9182,4,"No",16,1,1,5,"N",1,10,3,2,5,28
38,"Travel_Frequently","Research & Development",16,4,1,"Female",4,2,2,"H","N","Manufacturing Director",5980,26085,2,"Yes",12,4,0,17,"Y",3,15,7,4,12,77
35,"Travel_Frequently","Sales",25,2,4,"Male",3,2,4,"H","Y","Sales Executive",4968,18500,2,"No",11,4,1,5,"Y",3,5,2,0,2,69
41,"Travel_Rarely","Sales",16,2,2,"Female",3,1,1,"L","N","Sales Representative",3140,21728,1,"Yes",22,4,0,4,"N",2,4,3,0,2,22
37,"Travel_Rarely","Research & Development",24,3,2,"Female",3,3,2,"H","N","Manufacturing Director",7491,23848,4,"No",17,4,0,12,"Y",4,6,5,1,2,78
47,"Travel_Rarely","IT_Suppport",7,3,1,"Male",4,4,1,"H","Y","IT specialists",10749,11824,9,"Yes",19,1,0,9,"Y",3,9,2,3,4,75
48,"Travel_Rarely","Finance",12,4,2,"Female",3,3,2,"L","Y","Accountant",8289,9118,9,"Yes",18,3,0,7,"Y",3,8,3,3,5,79
35,"Travel_Rarely","Finance",16,4,1,"Male",2,3,2,"L","Y","Accountant",9881,10869,4,"Yes",16,2,0,8,"N",2,8,5,3,7,85
31,"Travel_Rarely","Sales",15,3,4,"Male",3,2,1,"H","N","Sales Executive",7547,7143,4,"No",12,4,3,13,"Y",3,7,7,1,7,56
28,"Travel_Rarely","Research & Development",20,3,3,"Female",3,1,2,"L","N","Research and Design Specialists",3591,12719,2,"No",25,3,1,3,"Y",3,3,2,1,2,60
41,"Travel_Frequently","Sales",9,3,3,"Female",3,2,2,"L","N","Sales Executive",4103,4297,3,"No",17,4,1,10,"Y",3,9,3,1,7,62
38,"Travel_Rarely","Production",15,2,4,"Female",2,1,2,"L","N","Machinists ",3702,16376,5,"No",11,2,1,5,"Y",3,5,4,0,4,52
23,"Travel_Rarely","Sales",24,3,3,"Male",3,1,2,"L","Y","Sales Representative",2275,25103,8,"Yes",21,2,1,3,"N",3,3,2,0,2,44
50,"Travel_Rarely","Production",15,3,3,"Male",2,1,2,"H","N","Machinists ",3690,3425,2,"No",15,4,1,5,"Y",2,3,2,0,2,60
55,"Travel_Rarely","Finance",7,3,1,"Male",2,2,2,"L","Y","Accountant",8690,9559,9,"Yes",16,1,1,10,"Y",3,4,6,2,3,74
28,"Travel_Rarely","Finance",24,4,1,"Female",3,3,2,"L","Y","Accountant",8263,9089,6,"Yes",19,2,1,10,"Y",1,2,7,2,5,67
31,"Non-Travel","Research & Development",16,4,3,"Male",1,2,4,"H","N","Manufacturing Director",4345,4381,0,"No",12,4,1,6,"Y",3,5,4,1,4,69
34,"Travel_Rarely","Sales",21,1,2,"Female",3,2,2,"H","Y","Sales Executive",5714,5829,9,"No",20,1,0,6,"Y",2,6,5,1,3,61
35,"Travel_Frequently","Production",6,3,2,"Female",3,2,2,"H","N","Machinists ",4425,15986,5,"No",11,4,0,10,"Y",3,6,2,1,2,70
22,"Travel_Frequently","Research & Development",12,4,3,"Male",2,1,2,"H","N","Research and Design Specialists",2853,4223,1,"Yes",11,2,1,1,"Y",3,0,0,0,0,54
53,"Travel_Rarely","Finance",12,4,1,"Female",3,2,2,"H","N","Accountant",9933,10926,8,"Yes",18,1,1,10,"N",2,5,5,1,7,46
29,"Travel_Rarely","Production",5,1,2,"Male",3,1,1,"H","Y","Machinists ",4723,16213,9,"Yes",18,4,0,10,"Y",3,10,9,1,5,58
29,"Travel_Rarely","Human Resources",13,3,2,"Male",2,3,1,"L","N","Human Resources",7988,9769,7,"No",13,1,0,10,"N",2,10,9,0,9,39
30,"Non-Travel","Production",14,3,3,"Male",3,1,2,"H","N","Machinists ",2097,16734,4,"No",15,3,1,9,"Y",1,5,3,1,4,60
32,"Travel_Rarely","Finance",21,3,1,"Male",3,2,2,"L","Y","Accountant",8255,9081,1,"Yes",15,4,0,10,"N",2,3,4,1,7,56
41,"Travel_Rarely","Sales",4,3,2,"Male",4,3,2,"H","N","Sales Executive",8392,19566,1,"No",16,3,1,10,"Y",3,10,7,0,7,68
28,"Travel_Rarely","Human Resources",4,2,2,"Male",2,1,3,"L","Y","Human Resources",4936,23965,7,"No",13,4,1,6,"Y",3,5,1,0,4,76
39,"Travel_Frequently","Research & Development",1,3,1,"Male",3,4,4,"H","Y","Customercare Representative",12169,13547,1,"No",11,4,3,21,"Y",3,18,7,11,5,69
25,"Travel_Rarely","Finance",8,3,1,"Male",2,3,1,"L","Y","Accountant",9830,10813,7,"Yes",16,4,1,9,"N",2,8,4,2,5,58
25,"Travel_Frequently","Production",21,4,1,"Male",3,1,1,"L","N","Production Supervisors",5217,6260,5,"No",19,3,0,7,"N",2,8,5,1,2,31
33,"Travel_Rarely","Human Resources",15,2,4,"Male",3,1,2,"H","Y","Human Resources",2277,22650,1,"Yes",11,3,1,7,"Y",4,4,3,0,3,77
31,"Travel_Rarely","Research & Development",15,3,3,"Female",2,2,1,"H","Y","Customercare Representative",6812,17198,3,"No",19,2,0,10,"N",3,10,9,1,8,28
33,"Travel_Rarely","Research & Development",9,3,3,"Male",3,3,2,"H","Y","Research Director",11691,25995,2,"No",11,4,0,14,"Y",4,13,9,3,7,68
51,"Travel_Rarely","Human Resources",18,3,3,"Male",3,4,2,"H","Y","Manager",14026,17588,2,"Yes",11,2,1,33,"Y",3,33,9,0,10,59
34,"Travel_Frequently","Sales",16,4,3,"Female",3,1,2,"H","N","Sales Representative",2231,11314,6,"No",18,4,1,6,"Y",3,4,3,1,2,66
33,"Travel_Rarely","Research & Development",12,4,3,"Female",2,1,2,"H","N","Research and Design Specialists",2911,14776,1,"No",13,3,1,2,"Y",2,2,2,0,2,53
28,"Non-Travel","Research & Development",22,3,3,"Male",3,1,4,"L","Y","Research and Design Specialists",2144,2122,7,"No",14,3,0,5,"Y",2,5,3,1,4,63
28,"Travel_Rarely","Sales",24,4,2,"Male",3,2,4,"H","N","Sales Executive",5253,20750,1,"No",16,4,0,7,"Y",3,7,5,0,7,65
24,"Travel_Rarely","Production",15,1,2,"Male",3,1,2,"L","Y","Machinists ",2774,13257,0,"No",12,3,1,6,"Y",3,5,3,1,2,45
29,"Travel_Rarely","Finance",16,4,1,"Male",2,2,2,"L","N","Accountant",8525,9378,3,"No",17,2,1,10,"Y",3,3,6,3,7,25
31,"Travel_Rarely","Sales",14,3,2,"Male",4,2,2,"H","N","Sales Executive",6929,12241,4,"No",11,2,1,10,"Y",2,8,7,7,7,57
47,"Travel_Rarely","Research & Development",8,2,1,"Female",3,2,2,"L","N","Manufacturing Director",5070,7389,5,"No",13,3,3,20,"N",3,5,0,0,4,41
34,"Travel_Frequently","Production",9,3,3,"Female",3,2,2,"L","N","Machinists ",4444,22534,9,"No",13,3,2,15,"N",4,11,8,5,10,48
38,"Travel_Rarely","Sales",14,4,3,"Male",2,3,2,"L","Y","Sales Executive",8740,5569,7,"Yes",14,2,2,9,"Y",3,8,7,2,7,73
47,"Travel_Rarely","Finance",18,3,1,"Male",2,3,1,"L","Y","Accountant",9554,10509,2,"No",15,2,0,5,"Y",3,9,7,2,4,85
26,"Travel_Rarely","Finance",6,3,2,"Female",2,2,4,"H","N","Accountant",9566,10523,2,"Yes",15,4,1,9,"N",3,5,3,1,2,27
31,"Travel_Frequently","Research & Development",10,3,1,"Male",3,3,1,"L","N","Customercare Representative",9824,22908,3,"No",12,1,0,12,"N",3,1,0,0,0,34
42,"Travel_Frequently","Sales",21,3,3,"Male",3,4,2,"L","Y","Sales Executive",13758,2447,7,"Yes",12,2,0,22,"N",2,21,9,13,14,44
31,"Travel_Rarely","Research & Development",8,4,4,"Male",3,2,2,"H","N","Manufacturing Director",6179,21057,7,"Yes",15,4,2,10,"N",2,10,2,6,7,44
40,"Travel_Rarely","Research & Development",23,3,3,"Male",2,5,2,"H","Y","Research Director",19626,17544,6,"No",14,1,0,21,"Y",4,20,7,4,9,59
36,"Travel_Frequently","Production",1,2,3,"Male",4,2,1,"L","N","Machinists ",2571,12290,6,"No",17,3,1,17,"N",3,5,2,0,3,32
29,"Travel_Rarely","Research & Development",25,1,3,"Female",1,2,2,"L","N","Customercare Representative",9715,7288,9,"No",13,3,1,9,"Y",3,7,7,0,7,59
28,"Travel_Rarely","Research & Development",14,3,4,"Male",3,1,2,"H","N","Research and Design Specialists",2070,2613,1,"No",23,4,1,5,"Y",2,5,2,0,4,66
31,"Travel_Frequently","Research & Development",6,2,3,"Female",2,3,2,"H","N","Manufacturing Director",8943,14034,1,"No",24,1,1,10,"Y",3,10,9,8,9,66
49,"Travel_Rarely","Sales",14,4,4,"Male",2,4,2,"L","Y","Sales Executive",13120,11879,3,"No",17,2,1,22,"Y",3,9,8,2,3,72
56,"Travel_Rarely","Research & Development",16,4,2,"Female",3,1,2,"L","Y","Research and Design Specialists",4963,4510,9,"Yes",18,1,3,7,"N",3,5,4,4,3,33
35,"Travel_Rarely","Sales",19,5,3,"Male",3,3,2,"H","Y","Sales Executive",7295,11439,1,"No",13,1,2,10,"Y",3,10,8,0,6,72
29,"Travel_Frequently","Production",18,3,2,"Female",3,2,1,"L","N","Production Supervisors",5982,6580,6,"No",18,2,1,6,"Y",3,8,4,2,5,35
32,"Travel_Rarely","Sales",8,4,2,"Male",3,2,4,"H","Y","Sales Executive",5010,24301,1,"No",16,1,0,12,"Y",3,11,8,5,7,66
37,"Travel_Rarely","Finance",9,4,1,"Male",2,3,2,"L","N","Accountant",9670,10637,8,"Yes",19,2,1,8,"N",1,10,2,2,2,34
42,"Travel_Rarely","Production",10,3,4,"Male",3,1,2,"L","Y","Machinists ",3968,13624,4,"No",13,4,0,8,"Y",3,0,0,0,0,78
25,"Travel_Rarely","Sales",9,1,3,"Female",3,2,2,"L","N","Sales Executive",6180,22807,3,"No",23,2,0,6,"N",2,6,5,1,4,44
37,"Non-Travel","Sales",6,2,1,"Male",3,3,1,"H","Y","Sales Executive",7642,4814,8,"Yes",13,4,0,10,"Y",3,10,0,0,9,58
30,"Travel_Rarely","IT_Suppport",6,4,2,"Female",2,2,2,"L","Y","IT specialists",6026,6629,1,"Yes",18,1,1,6,"Y",2,8,5,2,7,62
51,"Travel_Rarely","Finance",13,4,1,"Female",3,3,1,"H","N","Accountant",9741,10715,2,"Yes",18,2,0,8,"N",1,6,5,3,3,29
31,"Travel_Frequently","Sales",24,3,4,"Female",3,1,2,"H","N","Sales Representative",2789,3909,1,"No",11,3,1,2,"Y",2,2,2,2,2,62
34,"Travel_Rarely","Sales",16,3,3,"Female",3,1,2,"L","N","Sales Representative",2579,2912,9,"Yes",18,4,2,8,"N",3,8,2,0,6,46
40,"Travel_Frequently","Sales",17,4,2,"Male",3,2,4,"H","N","Sales Executive",4327,25440,1,"No",12,4,3,5,"Y",3,0,0,0,0,64
44,"Travel_Rarely","Finance",3,4,2,"Male",3,3,2,"L","N","Accountant",8944,9838,4,"No",19,4,0,5,"Y",3,10,6,1,2,44
37,"Travel_Rarely","Human Resources",21,4,3,"Male",3,1,2,"L","Y","Human Resources",2073,23648,4,"Yes",22,4,0,7,"Y",3,3,2,0,2,33
26,"Travel_Rarely","Sales",14,3,3,"Male",3,2,3,"H","Y","Sales Executive",5296,20156,1,"No",17,2,1,8,"Y",3,8,7,7,7,75
28,"Non-Travel","Human Resources",19,2,3,"Male",3,1,4,"L","Y","Human Resources",2706,10494,5,"No",15,2,1,3,"Y",3,3,2,2,2,100
49,"Travel_Rarely","Research & Development",18,3,2,"Male",2,3,2,"H","N","Customercare Representative",10965,12066,8,"No",24,3,0,26,"Y",3,5,2,0,0,68
31,"Non-Travel","Research & Development",3,3,2,"Male",3,2,2,"L","Y","Manufacturing Director",9936,3787,8,"No",19,2,0,10,"Y",3,9,4,1,7,70
50,"Travel_Rarely","Research & Development",8,3,3,"Female",3,5,2,"L","Y","Manager",19926,17053,3,"No",15,2,0,21,"N",3,5,4,4,4,49
27,"Non-Travel","Production",2,5,1,"Male",1,1,2,"L","Y","Machinists ",4621,5869,2,"No",19,4,3,3,"Y",3,3,2,1,2,57
22,"Travel_Rarely","Production",3,1,2,"Male",1,1,1,"L","Y","Machinists ",2451,6881,4,"No",15,1,1,4,"Y",2,4,3,1,1,58
59,"Travel_Frequently","Sales",5,1,1,"Female",2,2,2,"L","N","Sales Executive",5473,24668,7,"No",11,4,0,20,"Y",2,4,3,1,3,49
36,"Travel_Rarely","Research & Development",5,5,4,"Female",2,3,1,"L","Y","Manufacturing Director",8858,15669,5,"No",11,2,0,15,"Y",2,14,8,7,8,51
34,"Travel_Rarely","Research & Development",20,2,2,"Male",2,1,4,"H","N","Research and Design Specialists",3622,22794,2,"Yes",13,4,1,6,"Y",3,6,5,1,3,63
47,"Non-Travel","Research & Development",17,1,3,"Female",3,3,2,"L","Y","Research Director",11957,17231,7,"No",18,1,2,14,"Y",1,13,8,5,12,60
28,"Travel_Rarely","Research & Development",16,3,3,"Female",3,2,3,"L","Y","Research and Design Specialists",3660,7909,3,"No",13,4,0,10,"Y",4,8,7,1,7,71
23,"Travel_Rarely","Production",16,1,4,"Male",2,1,2,"L","Y","Machinists ",3989,20586,1,"Yes",11,1,0,5,"N",3,5,4,1,2,33
35,"Travel_Rarely","Finance",21,4,1,"Female",3,3,3,"L","Y","Accountant",8492,9341,8,"Yes",17,4,0,5,"Y",3,3,6,1,6,57
30,"Travel_Rarely","Research & Development",24,4,2,"Female",3,3,2,"L","N","Manager",11916,25927,1,"Yes",23,4,2,9,"Y",3,9,1,0,8,50
34,"Travel_Frequently","Research & Development",6,4,3,"Male",4,2,1,"L","Y","Manufacturing Director",4724,17000,2,"No",13,1,1,9,"Y",3,9,7,7,2,56
24,"Travel_Rarely","Research & Development",18,2,2,"Male",2,2,3,"L","Y","Customercare Representative",4617,14120,8,"No",12,2,0,4,"Y",2,4,3,1,2,71
37,"Travel_Rarely","Production",15,2,4,"Male",2,1,1,"L","Y","Machinists ",2090,2396,6,"Yes",15,2,0,7,"N",3,0,0,0,0,35
28,"Travel_Frequently","Production",16,4,4,"Male",3,1,2,"H","N","Machinists ",2154,6842,3,"Yes",11,3,0,5,"Y",2,4,2,0,2,57
25,"Travel_Rarely","Research & Development",11,1,4,"Male",2,1,2,"L","N","Research and Design Specialists",2889,26897,1,"No",11,3,2,2,"N",3,2,2,2,1,43
40,"Travel_Rarely","Research & Development",10,4,1,"Male",3,4,2,"L","N","Manager",16823,18991,2,"No",11,1,1,22,"N",3,19,7,11,16,46
18,"Travel_Rarely","Sales",10,3,4,"Female",2,1,2,"L","N","Sales Representative",1200,9724,1,"No",12,1,0,0,"N",3,0,0,0,0,45
42,"Travel_Frequently","Research & Development",10,3,2,"Male",3,5,2,"H","Y","Manager",18430,16225,3,"No",13,2,1,24,"Y",2,24,7,14,9,61
33,"Travel_Rarely","Production",12,4,1,"Female",2,1,2,"L","N","Machinists ",3838,8192,8,"No",11,4,0,8,"Y",3,5,4,0,2,54
34,"Travel_Rarely","Production",19,2,2,"Male",2,2,2,"L","N","Machinists ",3986,11912,8,"No",14,3,1,15,"Y",4,15,10,4,13,66
46,"Travel_Frequently","Finance",4,4,2,"Male",2,3,1,"L","N","Accountant",9952,10947,5,"No",20,3,1,5,"N",2,4,6,3,2,38
52,"Non-Travel","Sales",22,4,1,"Male",2,5,4,"H","Y","Manager",19068,21030,1,"Yes",18,4,0,33,"Y",4,33,7,15,12,79
38,"Non-Travel","Sales",1,2,4,"Male",2,2,3,"H","N","Sales Executive",5249,19682,3,"No",18,4,1,13,"Y",3,8,7,7,5,83
38,"Travel_Rarely","Sales",15,2,2,"Female",3,2,2,"L","N","Sales Executive",6893,19461,6,"No",15,4,1,11,"Y",3,7,7,1,7,73
50,"Travel_Rarely","Research & Development",23,3,2,"Female",2,2,3,"L","Y","IT specialists",9375,10313,4,"No",17,2,1,9,"Y",1,2,6,1,2,54
52,"Travel_Frequently","Research & Development",3,4,3,"Female",2,4,2,"H","Y","Manufacturing Director",13826,19028,3,"No",22,3,0,31,"Y",3,9,8,0,0,62
52,"Travel_Rarely","Finance",13,4,1,"Male",2,3,1,"L","N","Accountant",9092,10001,8,"No",18,4,1,6,"N",1,5,4,2,7,49
18,"Travel_Frequently","Sales",7,2,2,"Female",3,1,2,"L","Y","Sales Representative",1569,18420,8,"Yes",12,3,0,0,"Y",4,0,0,0,0,50
46,"Travel_Rarely","Research & Development",11,4,3,"Male",3,2,1,"L","Y","Customercare Representative",5562,9697,5,"No",14,4,0,19,"N",3,10,7,0,9,47
53,"Travel_Rarely","Sales",1,3,1,"Male",3,4,2,"L","Y","Sales Executive",11836,22789,4,"No",14,3,1,28,"Y",3,2,0,2,2,61
49,"Travel_Rarely","Sales",10,3,3,"Female",3,3,2,"L","N","Sales Executive",7654,5860,9,"No",18,1,2,9,"N",4,9,8,7,7,33
31,"Travel_Rarely","Research & Development",17,1,3,"Male",3,3,2,"H","N","Manufacturing Director",10648,14394,1,"No",25,4,1,13,"Y",4,13,8,0,8,60
34,"Travel_Rarely","Production",16,2,1,"Male",3,2,4,"L","N","Manufacturing Director",4325,17736,1,"No",15,3,0,5,"Y",3,5,2,1,3,32
45,"Non-Travel","Sales",10,3,4,"Female",2,3,2,"L","Y","Sales Executive",8865,16840,6,"No",12,4,0,23,"Y",3,19,7,12,8,50
30,"Travel_Frequently","Production",25,3,2,"Male",3,3,3,"L","N","Production Supervisors",5964,7157,9,"Yes",18,2,1,5,"N",3,7,3,2,6,34
32,"Travel_Rarely","IT_Suppport",23,3,2,"Male",4,2,1,"H","Y","IT specialists",10831,11914,9,"No",16,2,1,8,"Y",1,3,2,3,3,71
35,"Travel_Rarely","Sales",19,4,4,"Male",3,3,3,"L","Y","Sales Executive",7823,6812,4,"No",13,2,1,12,"Y",3,10,9,0,8,81
37,"Travel_Rarely","Sales",5,4,3,"Male",3,2,1,"H","N","Sales Executive",6502,22825,4,"No",14,2,1,7,"Y",4,5,4,0,1,56
30,"Travel_Rarely","Human Resources",15,3,3,"Male",3,1,2,"H","Y","Human Resources",2064,15428,2,"No",21,1,1,6,"Y",4,5,3,1,3,59
31,"Travel_Rarely","Sales",8,3,1,"Male",3,2,2,"L","N","Sales Executive",8346,20943,9,"No",19,3,1,6,"N",3,5,2,0,2,41
58,"Travel_Rarely","Sales",16,3,4,"Female",3,4,2,"L","N","Manager",17875,11761,7,"Yes",13,3,1,29,"N",2,1,0,0,0,46
38,"Travel_Rarely","Sales",16,4,4,"Male",3,2,2,"L","Y","Sales Executive",4440,7636,8,"No",15,1,2,16,"Y",3,15,13,5,8,54
55,"Travel_Rarely","Research & Development",22,2,4,"Female",1,5,2,"L","Y","Manager",19187,6992,8,"No",14,4,1,23,"Y",3,19,9,9,11,68
36,"Travel_Rarely","Research & Development",14,4,2,"Male",3,1,2,"L","N","Research and Design Specialists",4678,23293,1,"No",18,3,0,8,"N",3,6,2,0,1,46
56,"Travel_Rarely","Research & Development",20,2,1,"Female",3,1,4,"H","N","Research and Design Specialists",2066,10494,4,"No",22,4,1,5,"Y",4,3,2,1,0,63
34,"Travel_Rarely","Production",12,3,4,"Female",2,1,4,"H","Y","Machinists ",3294,3708,8,"No",17,1,1,7,"Y",2,5,4,0,2,82
26,"Travel_Rarely","Research & Development",14,2,3,"Male",3,1,2,"L","Y","Research and Design Specialists",2875,9973,1,"Yes",20,2,0,8,"Y",2,8,5,2,2,61
52,"Travel_Rarely","Research & Development",16,2,4,"Female",3,4,2,"H","N","Manager",16555,10310,2,"No",13,4,0,31,"Y",1,5,2,1,4,77
36,"Non-Travel","Sales",2,4,1,"Male",3,2,1,"L","Y","Sales Executive",5079,25952,5,"No",13,4,2,12,"Y",3,7,7,0,7,51
32,"Travel_Rarely","IT_Suppport",2,3,1,"Male",4,4,4,"L","N","IT specialists",6861,7547,7,"No",18,4,1,7,"N",3,3,4,2,5,37
28,"Travel_Rarely","Research & Development",15,3,2,"Female",1,2,4,"L","Y","Manufacturing Director",4877,20460,1,"No",21,2,1,6,"Y",2,5,3,0,0,65
35,"Travel_Rarely","Research & Development",9,3,3,"Male",2,3,2,"H","N","Manufacturing Director",10274,19588,8,"No",18,2,1,15,"Y",4,7,7,6,4,93
49,"Travel_Rarely","Finance",16,4,1,"Male",2,3,1,"L","Y","Accountant",9500,10450,9,"No",16,4,0,8,"Y",2,8,7,1,7,54
47,"Non-Travel","Research & Development",13,4,1,"Male",3,3,1,"L","N","Manager",11849,10268,1,"Yes",12,4,1,10,"N",2,10,7,9,9,31
46,"Travel_Rarely","Sales",2,2,4,"Female",2,5,2,"H","N","Manager",18789,9946,3,"No",14,3,1,26,"N",3,11,4,0,8,46
41,"Non-Travel","Research & Development",24,1,2,"Female",1,5,1,"H","N","Research Director",19973,20284,3,"No",22,2,2,21,"N",3,21,16,5,10,47
36,"Travel_Rarely","Production",9,2,1,"Female",3,1,4,"H","N","Machinists ",2835,2561,5,"No",22,1,1,7,"Y",3,1,0,0,0,64
31,"Travel_Rarely","Human Resources",5,3,1,"Male",2,2,2,"H","N","Human Resources",6410,17822,3,"No",12,4,0,9,"Y",3,2,2,1,0,68
31,"Travel_Rarely","Finance",15,3,2,"Male",3,3,1,"L","N","Accountant",8645,9510,7,"Yes",18,3,1,8,"Y",2,10,5,2,4,36
51,"Travel_Rarely","Research & Development",15,4,1,"Male",3,1,1,"H","N","Research and Design Specialists",2461,10332,7,"Yes",12,3,3,18,"N",4,10,0,2,7,37
30,"Travel_Rarely","Sales",6,1,4,"Male",3,1,2,"L","N","Sales Representative",2983,18398,0,"No",14,1,0,4,"N",3,3,2,1,2,42
36,"Travel_Rarely","Production",17,4,3,"Female",4,1,1,"L","N","Machinists ",2743,8269,4,"No",16,3,0,18,"N",3,17,13,15,14,26
28,"Non-Travel","Sales",14,2,2,"Male",2,3,2,"H","Y","Customercare Representative",8722,12355,8,"No",12,1,0,10,"Y",2,10,7,1,9,53
38,"Travel_Frequently","Research & Development",14,1,3,"Male",3,1,2,"H","Y","Research and Design Specialists",2684,12127,9,"No",17,2,1,3,"Y",2,2,1,0,2,59
46,"Travel_Rarely","Research & Development",9,3,1,"Male",3,4,2,"H","N","Research Director",17861,2288,6,"No",13,3,0,26,"Y",1,3,2,0,1,53
53,"Travel_Rarely","Production",13,3,4,"Male",3,2,2,"H","N","Machinists ",2450,10919,9,"No",17,4,0,19,"Y",3,2,2,2,2,61
44,"Travel_Rarely","Finance",8,3,2,"Male",3,2,1,"L","Y","Accountant",9945,10940,5,"No",18,3,1,8,"Y",3,9,5,1,4,71
49,"Travel_Rarely","Production",6,3,4,"Female",3,1,2,"L","N","Machinists ",2587,24941,9,"Yes",16,2,1,17,"N",2,2,2,2,2,46
38,"Travel_Rarely","Research & Development",25,3,3,"Female",3,3,3,"H","N","Manufacturing Director",7861,15397,5,"Yes",14,4,0,10,"Y",4,1,0,0,0,71
39,"Travel_Frequently","Sales",10,3,3,"Male",3,2,2,"L","Y","Sales Executive",4127,19188,9,"No",18,4,1,7,"Y",3,2,1,2,2,59
43,"Travel_Rarely","Finance",14,4,2,"Male",3,2,2,"L","Y","Accountant",9973,10970,9,"No",18,4,0,7,"N",1,5,3,1,6,62
45,"Travel_Rarely","Research & Development",1,3,4,"Male",3,1,1,"H","Y","Research and Design Specialists",2132,4585,1,"No",20,4,1,8,"N",3,5,4,0,3,34
51,"Travel_Rarely","Research & Development",22,3,1,"Female",3,3,1,"L","N","Manager",13116,22984,1,"No",11,4,0,15,"Y",3,2,2,2,2,58
27,"Travel_Rarely","Production",22,1,1,"Male",3,1,2,"L","N","Machinists ",3468,16632,9,"No",12,4,1,6,"N",3,2,2,2,2,42
39,"Travel_Rarely","Sales",19,4,4,"Female",2,2,4,"H","N","Sales Executive",5902,14590,4,"No",14,3,1,17,"Y",4,15,11,5,9,69
23,"Travel_Rarely","Sales",17,1,3,"Male",3,1,2,"H","Y","Sales Representative",2322,9518,3,"No",13,3,1,3,"Y",3,0,0,0,0,55
43,"Travel_Rarely","Research & Development",23,3,1,"Male",3,3,4,"L","Y","Customercare Representative",7510,16873,4,"No",17,2,1,10,"Y",3,10,9,0,9,65
25,"Travel_Rarely","Research & Development",9,3,4,"Female",3,1,2,"L","N","Research and Design Specialists",2096,18830,4,"No",18,4,0,2,"N",2,2,2,2,1,42
49,"Travel_Rarely","Finance",13,3,1,"Male",2,2,2,"L","Y","Accountant",9208,10129,2,"Yes",15,1,0,8,"Y",3,7,5,3,7,70
55,"Travel_Rarely","Research & Development",2,3,3,"Male",2,5,4,"L","Y","Research Director",19038,19805,4,"No",12,2,3,34,"Y",3,1,0,0,0,74
35,"Travel_Frequently","Sales",2,3,3,"Female",3,3,3,"H","Y","Sales Executive",8789,9096,1,"No",14,1,0,10,"Y",4,10,7,0,8,81
45,"Travel_Rarely","Sales",8,3,4,"Female",3,2,1,"L","N","Sales Executive",4850,23333,1,"No",15,3,0,8,"N",3,5,3,0,1,20
38,"Travel_Rarely","Sales",2,4,2,"Female",1,2,2,"L","Y","Sales Representative",5405,4244,1,"Yes",20,1,2,20,"N",2,4,2,0,3,45
28,"Travel_Rarely","Sales",5,1,4,"Male",3,1,4,"L","Y","Sales Representative",1052,23384,6,"No",22,2,0,1,"Y",3,1,0,0,0,64
42,"Travel_Rarely","Production",1,4,2,"Female",3,1,2,"H","N","Machinists ",2576,20490,3,"No",16,2,1,8,"Y",3,5,2,1,2,62
36,"Travel_Frequently","Research & Development",1,2,4,"Female",3,2,2,"L","Y","Manufacturing Director",5131,9192,2,"No",13,2,3,18,"Y",3,4,2,0,2,93
30,"Travel_Rarely","Finance",9,3,2,"Male",3,2,1,"L","N","Accountant",9124,10036,4,"Yes",16,1,1,10,"Y",1,7,7,3,7,49
51,"Travel_Rarely","Research & Development",5,3,4,"Male",1,2,4,"H","N","Manufacturing Director",5482,16321,5,"No",18,4,1,13,"Y",3,4,1,1,2,74
41,"Non-Travel","Research & Development",15,4,1,"Female",2,2,2,"H","N","Customercare Representative",6811,2112,2,"Yes",17,1,0,10,"Y",3,8,7,0,7,66
47,"Travel_Frequently","Research & Development",2,4,3,"Male",4,2,4,"H","Y","Manufacturing Director",5067,6759,4,"Yes",19,3,0,20,"Y",4,19,10,2,7,63
33,"Travel_Rarely","Research & Development",22,2,2,"Female",3,2,2,"L","Y","Customercare Representative",4878,21653,5,"Yes",13,1,1,10,"Y",3,9,7,8,1,61
29,"Travel_Rarely","Research & Development",9,3,4,"Male",3,1,1,"L","N","Research and Design Specialists",2201,18168,9,"No",16,4,0,6,"N",3,3,2,1,2,40
27,"Travel_Rarely","Research & Development",19,4,1,"Male",2,1,2,"H","N","Research and Design Specialists",2045,15174,6,"No",13,4,0,5,"Y",3,4,2,1,1,60
33,"Travel_Rarely","Research & Development",1,4,2,"Female",2,3,1,"H","N","IT specialists",6383,7021,1,"No",19,1,1,9,"N",2,6,5,1,7,45
40,"Travel_Rarely","Human Resources",7,2,3,"Male",3,4,4,"L","N","Manager",16437,17381,3,"Yes",21,4,0,21,"Y",3,21,7,7,7,65
38,"Travel_Frequently","Research & Development",17,4,1,"Male",2,2,3,"L","Y","Manufacturing Director",5321,14284,9,"No",11,4,1,10,"Y",3,8,3,7,7,71
43,"Travel_Frequently","Finance",2,4,1,"Female",3,3,3,"L","N","Accountant",8016,8818,3,"No",17,1,0,7,"N",3,2,4,3,7,29
33,"Travel_Rarely","Finance",1,3,2,"Male",2,2,2,"L","Y","Accountant",9800,10780,6,"No",18,1,0,5,"Y",3,10,7,3,7,64
59,"Travel_Rarely","Research & Development",16,4,4,"Male",3,3,2,"L","Y","Manufacturing Director",10512,20002,9,"No",12,4,0,25,"N",2,9,7,5,4,43
29,"Travel_Rarely","Sales",4,1,4,"Female",2,3,2,"H","N","Sales Executive",7336,11162,6,"No",13,1,1,11,"N",1,11,8,3,10,24
25,"Travel_Rarely","Production",14,1,4,"Male",3,1,1,"L","N","Machinists ",3691,4605,2,"Yes",15,2,1,7,"N",4,7,7,5,6,28
55,"Travel_Rarely","Research & Development",13,3,4,"Female",3,4,2,"H","N","Manager",14756,19730,2,"Yes",14,3,3,21,"Y",3,5,0,0,2,63
57,"Travel_Rarely","Research & Development",11,2,2,"Male",4,2,4,"H","Y","Research and Design Specialists",4900,2721,2,"No",24,1,1,13,"Y",2,12,9,2,8,67
32,"Travel_Frequently","Production",19,4,1,"Female",2,2,2,"L","N","Production Supervisors",6830,7513,5,"No",15,2,1,10,"Y",1,6,4,2,5,32
29,"Travel_Rarely","Production",5,3,4,"Male",3,1,4,"L","Y","Machinists ",2062,19384,2,"No",14,2,0,11,"Y",3,3,2,1,2,65
50,"Travel_Rarely","Research & Development",1,4,2,"Male",3,5,2,"L","Y","Research Director",19237,12853,2,"Yes",11,4,1,29,"Y",2,8,1,7,7,78
18,"Non-Travel","Research & Development",16,3,2,"Female",3,1,2,"L","Y","Research and Design Specialists",1514,8018,9,"No",16,3,0,0,"Y",1,0,0,0,0,50
44,"Travel_Rarely","Research & Development",12,4,2,"Male",4,2,3,"L","Y","Customercare Representative",5033,9364,8,"No",15,4,1,10,"Y",3,2,0,2,2,71
29,"Travel_Rarely","Sales",12,2,4,"Male",3,2,2,"L","N","Sales Executive",6931,10732,2,"No",14,4,1,10,"N",3,3,2,0,2,48
38,"Travel_Rarely","Sales",14,3,2,"Male",2,1,4,"H","Y","Sales Representative",2899,12102,8,"No",19,4,1,3,"Y",3,2,2,1,2,67
45,"Travel_Rarely","Finance",8,3,1,"Female",2,2,2,"L","N","Accountant",9209,10130,9,"Yes",16,3,0,8,"N",2,4,5,3,3,25
37,"Travel_Rarely","Research & Development",12,2,3,"Female",2,1,2,"H","Y","Research and Design Specialists",3920,18697,2,"No",14,1,1,17,"Y",2,3,1,0,2,73
33,"Travel_Rarely","Production",4,4,2,"Male",3,2,2,"L","Y","Machinists ",5207,22949,4,"Yes",12,2,1,15,"Y",3,15,14,5,7,54
22,"Travel_Rarely","Research & Development",22,2,4,"Male",3,1,2,"L","Y","Research and Design Specialists",3375,17624,8,"No",12,4,0,4,"Y",4,3,2,1,2,66
35,"Travel_Frequently","Production",20,4,2,"Female",4,3,3,"L","N","Production Supervisors",6058,6664,1,"No",18,1,0,7,"Y",2,9,4,1,2,33
27,"Travel_Rarely","Finance",8,4,2,"Female",3,2,1,"L","Y","Accountant",9908,10899,8,"Yes",19,1,0,5,"N",2,8,2,2,6,85
27,"Travel_Frequently","Sales",1,3,4,"Male",3,3,2,"L","Y","Sales Executive",8726,2975,1,"No",15,4,0,9,"N",3,9,8,1,7,45
40,"Travel_Rarely","Finance",6,3,1,"Male",2,3,2,"L","N","Accountant",8184,9002,8,"Yes",20,2,0,10,"Y",2,4,2,2,4,42
30,"Travel_Rarely","Research & Development",12,3,3,"Male",2,2,2,"L","N","Customercare Representative",4152,15830,1,"No",19,1,3,11,"Y",3,11,10,10,8,34
27,"Non-Travel","Research & Development",4,3,4,"Male",3,1,4,"H","Y","Research and Design Specialists",2024,5970,6,"No",18,4,1,6,"Y",1,2,2,2,2,74
48,"Travel_Rarely","Research & Development",17,4,4,"Male",3,1,2,"H","N","Research and Design Specialists",2259,5543,4,"No",17,1,2,13,"N",2,0,0,0,0,45
43,"Travel_Rarely","Research & Development",15,3,3,"Male",1,5,2,"H","N","Research Director",19740,18625,3,"No",14,2,1,25,"Y",3,8,7,0,7,66
36,"Travel_Rarely","Sales",1,2,2,"Male",3,2,3,"H","Y","Sales Executive",6201,2823,5,"Yes",14,4,1,18,"Y",2,18,14,4,11,87
29,"Travel_Rarely","Production",11,4,4,"Female",3,1,1,"L","Y","Machinists ",2974,25412,1,"No",17,3,1,9,"N",3,5,3,1,2,38
31,"Travel_Rarely","Finance",19,4,1,"Male",3,2,1,"L","Y","Accountant",8585,9444,6,"No",17,1,0,5,"Y",1,2,4,1,6,52
33,"Travel_Rarely","Research & Development",9,3,4,"Male",2,3,2,"H","Y","Customercare Representative",7119,21214,2,"No",15,3,1,9,"Y",3,3,2,1,2,62
44,"Travel_Rarely","Sales",3,5,2,"Female",3,2,2,"H","N","Sales Executive",5454,4009,5,"Yes",21,3,1,9,"Y",2,4,3,1,3,59
28,"Travel_Rarely","Finance",9,3,2,"Male",2,2,2,"L","N","Accountant",9814,10795,8,"Yes",17,2,1,7,"Y",3,3,2,3,6,40
25,"Travel_Rarely","Sales",6,1,1,"Male",4,2,2,"H","Y","Sales Executive",6232,12477,4,"No",11,2,0,6,"Y",2,3,2,1,2,61
53,"Travel_Frequently","Finance",7,3,2,"Male",2,3,2,"L","N","Accountant",9497,10447,7,"No",15,4,1,10,"N",1,8,2,2,6,50
27,"Travel_Frequently","Research & Development",12,3,4,"Male",3,1,4,"L","Y","Research and Design Specialists",2580,6297,6,"No",13,3,0,6,"Y",2,4,2,1,2,74
29,"Travel_Rarely","Research & Development",10,1,2,"Male",2,2,2,"H","Y","Manufacturing Director",5056,17689,1,"Yes",15,3,1,10,"Y",2,10,7,1,2,61
36,"Travel_Rarely","Production",7,4,3,"Male",3,1,2,"L","N","Machinists ",2519,12287,6,"No",21,3,0,16,"N",3,11,8,3,9,43
33,"Travel_Frequently","Sales",6,1,2,"Male",3,2,4,"L","N","Sales Executive",9998,19293,9,"No",13,1,0,8,"Y",4,5,4,1,2,80
35,"Travel_Rarely","Research & Development",10,4,3,"Female",3,3,1,"H","N","Customercare Representative",10388,6975,4,"Yes",11,3,1,16,"N",2,16,10,10,1,39
39,"Travel_Rarely","Finance",21,3,2,"Male",3,2,2,"L","Y","Accountant",9343,10277,1,"No",20,2,1,9,"Y",1,10,6,2,3,67
50,"Travel_Rarely","IT_Suppport",7,4,2,"Male",2,4,3,"L","N","IT specialists",10366,11403,3,"No",16,1,0,5,"N",2,2,5,3,4,42
40,"Travel_Rarely","Production",9,4,4,"Male",3,1,2,"L","N","Machinists ",2018,21831,7,"No",14,2,0,15,"N",1,5,4,1,0,17
31,"Travel_Rarely","Sales",16,2,1,"Male",3,1,4,"L","Y","Sales Representative",3067,6393,3,"No",19,3,1,3,"Y",3,2,2,1,2,80
58,"Travel_Rarely","Research & Development",9,4,1,"Male",3,1,2,"H","Y","Research and Design Specialists",2372,26076,8,"No",12,4,2,2,"Y",3,2,2,2,2,61
32,"Travel_Rarely","Production",2,4,4,"Male",3,1,2,"L","Y","Machinists ",1393,24852,5,"No",12,1,0,1,"N",3,1,0,0,0,48
27,"Travel_Frequently","Research & Development",24,3,4,"Female",2,1,2,"L","Y","Research and Design Specialists",4774,23844,1,"No",19,4,1,8,"Y",2,7,6,7,3,60
46,"Travel_Frequently","Finance",8,3,1,"Male",3,3,2,"L","Y","Accountant",8608,9469,4,"No",16,2,1,10,"Y",2,7,3,2,6,53
36,"Travel_Rarely","Sales",17,4,3,"Male",3,1,2,"H","Y","Sales Representative",2644,17001,6,"Yes",21,4,0,7,"Y",2,3,2,1,2,72
34,"Travel_Rarely","Sales",20,3,1,"Male",3,3,2,"L","Y","Sales Executive",9888,6770,2,"No",21,1,0,14,"Y",2,14,8,2,1,57
25,"Travel_Frequently","Finance",1,3,2,"Female",3,2,3,"L","N","Accountant",8832,9715,3,"No",20,2,0,8,"N",2,7,5,1,6,36
41,"Travel_Rarely","Research & Development",21,3,2,"Male",4,2,1,"L","Y","Customercare Representative",6870,15530,1,"No",12,1,0,11,"Y",1,3,2,1,2,56
39,"Travel_Rarely","Research & Development",17,4,3,"Female",2,4,2,"L","N","Manager",17123,17334,5,"Yes",13,4,2,21,"Y",3,19,9,15,2,57
27,"Travel_Rarely","Sales",25,4,2,"Female",3,2,4,"H","Y","Sales Executive",6214,3415,1,"No",18,1,1,8,"Y",3,8,7,0,7,63
27,"Travel_Rarely","Production",17,2,4,"Male",3,1,2,"H","N","Machinists ",3816,17881,1,"No",11,2,1,5,"Y",3,5,2,0,4,91
28,"Travel_Rarely","Research & Development",8,1,3,"Male",1,2,1,"L","N","Manufacturing Director",6549,3173,3,"No",14,2,2,8,"N",2,8,6,1,7,39
58,"Non-Travel","Sales",25,3,2,"Male",3,4,2,"L","Y","Manager",16291,22577,1,"No",22,4,1,37,"Y",2,16,9,14,14,57
39,"Travel_Rarely","Sales",6,5,1,"Male",4,3,2,"L","Y","Sales Executive",7880,2560,7,"No",18,4,0,9,"Y",3,8,7,0,7,72
53,"Travel_Rarely","Production",3,4,1,"Male",4,2,4,"L","N","Production Supervisors",6318,6950,3,"Yes",20,1,1,6,"Y",3,2,2,2,3,40
31,"Travel_Rarely","Finance",11,4,2,"Male",3,2,1,"H","Y","Accountant",9799,10779,3,"Yes",20,1,0,9,"Y",3,10,5,3,4,78
36,"Travel_Rarely","Research & Development",1,3,3,"Female",3,3,2,"L","N","Customercare Representative",10096,8202,1,"No",13,2,3,17,"Y",3,17,14,12,8,45
41,"Non-Travel","Human Resources",11,3,3,"Male",1,2,2,"L","Y","Human Resources",6430,20794,7,"No",19,2,1,10,"N",3,3,2,1,2,43
41,"Travel_Rarely","Sales",6,4,4,"Male",3,4,1,"L","N","Manager",16015,15896,1,"No",19,2,0,22,"N",3,22,10,0,4,47
38,"Travel_Rarely","Research & Development",8,3,4,"Male",3,2,1,"L","Y","Manufacturing Director",6261,4185,3,"No",18,1,1,9,"N",1,7,7,1,7,18
25,"Travel_Rarely","Production",2,3,1,"Male",3,1,1,"L","N","Machinists ",4031,9396,5,"No",13,3,1,6,"N",3,2,2,0,2,47
47,"Travel_Frequently","Production",3,4,2,"Male",2,1,2,"H","Y","Production Supervisors",6301,7561,7,"No",16,3,0,8,"Y",1,6,4,1,6,71
50,"Travel_Rarely","Research & Development",12,2,4,"Male",3,4,2,"L","N","Research Director",17399,6615,1,"No",22,3,1,32,"N",2,5,4,1,3,49
28,"Travel_Rarely","Finance",11,4,2,"Male",2,3,1,"L","Y","Accountant",8292,9121,2,"No",19,1,0,10,"Y",1,4,4,1,7,83
35,"Travel_Rarely","Research & Development",1,4,4,"Female",4,1,3,"H","Y","Research and Design Specialists",2506,13301,1,"No",13,3,0,7,"Y",3,2,2,2,2,83
53,"Travel_Rarely","IT_Suppport",19,4,1,"Male",2,4,1,"L","N","IT specialists",10075,11083,3,"Yes",16,2,1,10,"N",1,2,6,2,7,30
33,"Travel_Frequently","Finance",23,4,1,"Male",3,2,1,"L","N","Accountant",8471,9318,2,"No",16,1,1,7,"N",1,5,6,3,7,50
44,"Travel_Frequently","Sales",19,5,1,"Female",3,2,1,"H","Y","Sales Executive",4768,9282,2,"No",12,3,1,11,"Y",2,1,0,0,0,51
40,"Travel_Frequently","Production",15,4,1,"Male",2,2,4,"H","Y","Machinists ",5094,11983,1,"No",14,4,0,10,"Y",3,1,0,0,0,67
43,"Travel_Frequently","Production",23,4,3,"Female",2,2,2,"H","Y","Machinists ",5257,6227,1,"No",11,2,1,9,"Y",4,9,7,0,0,66
33,"Travel_Rarely","Finance",8,4,2,"Male",3,2,1,"L","N","Accountant",9847,10832,2,"Yes",19,2,1,8,"Y",2,4,3,3,4,45
32,"Travel_Rarely","Production",17,3,3,"Female",3,1,2,"L","N","Machinists ",2370,3956,1,"No",13,3,1,8,"N",3,8,0,0,7,45
44,"Travel_Rarely","Finance",21,3,1,"Male",2,2,2,"L","Y","Accountant",9979,10977,7,"No",17,1,0,7,"Y",1,8,5,1,7,85
33,"Travel_Rarely","Sales",20,3,1,"Female",3,2,1,"L","N","Sales Executive",5324,26507,9,"No",15,3,0,6,"N",3,3,2,0,2,20
32,"Travel_Rarely","Research & Development",19,5,3,"Male",3,1,2,"H","Y","Research and Design Specialists",3038,12430,3,"No",20,1,0,8,"Y",3,5,4,1,4,70
27,"Travel_Rarely","Research & Development",19,3,4,"Female",2,2,2,"H","N","Customercare Representative",6811,23398,6,"No",19,1,0,9,"Y",1,7,6,0,7,72
28,"Non-Travel","Sales",9,3,2,"Male",3,2,1,"H","Y","Sales Executive",4221,8863,1,"No",15,2,0,5,"Y",4,5,4,0,4,70
27,"Travel_Rarely","Sales",5,1,3,"Male",3,1,1,"L","N","Sales Representative",3041,16346,9,"No",11,2,1,5,"N",3,4,3,0,2,40
46,"Travel_Rarely","Research & Development",6,4,4,"Male",3,3,4,"H","N","Customercare Representative",9396,12368,7,"No",16,3,1,17,"Y",3,4,2,0,3,65
29,"Travel_Rarely","Research & Development",3,4,4,"Female",2,1,2,"L","N","Research and Design Specialists",3785,8489,9,"No",14,2,0,5,"N",1,5,4,0,4,44
33,"Travel_Rarely","Research & Development",11,3,3,"Male",3,1,2,"H","N","Research and Design Specialists",2500,10515,0,"No",14,1,0,4,"Y",4,3,1,0,2,54
38,"Travel_Rarely","Sales",15,3,1,"Male",3,3,2,"H","N","Sales Executive",10609,9647,0,"No",12,3,2,17,"Y",2,16,10,5,13,57
32,"Non-Travel","Research & Development",1,4,4,"Male",3,2,2,"H","N","Research and Design Specialists",4087,25174,7,"No",14,2,1,9,"Y",2,6,5,1,2,57
48,"Travel_Rarely","Research & Development",19,4,3,"Male",2,3,4,"L","Y","Customercare Representative",10999,22245,1,"No",14,2,0,27,"Y",3,15,11,4,8,69
50,"Travel_Frequently","Production",5,3,2,"Male",2,4,3,"L","N","Production Supervisors",6793,7472,5,"Yes",19,4,1,10,"Y",3,7,3,3,5,40
45,"Travel_Rarely","Research & Development",9,3,3,"Male",4,5,4,"H","Y","Manager",19202,15970,0,"No",11,3,1,25,"Y",3,24,0,1,7,64
34,"Travel_Frequently","Research & Development",9,3,4,"Male",2,2,4,"H","N","Customercare Representative",5343,25755,7,"No",20,3,0,14,"Y",3,13,9,4,9,79
38,"Non-Travel","Research & Development",14,3,2,"Female",1,2,3,"L","Y","Research and Design Specialists",5329,15717,7,"Yes",12,4,3,17,"Y",3,13,11,1,9,33
45,"Travel_Rarely","Research & Development",9,4,4,"Male",3,2,2,"H","Y","Research and Design Specialists",3697,9278,9,"No",14,1,2,12,"Y",3,10,9,9,8,59
44,"Travel_Frequently","Finance",20,3,2,"Female",3,3,2,"L","Y","Accountant",9970,10967,6,"No",17,1,1,6,"Y",1,9,5,1,5,82
40,"Travel_Rarely","Production",14,3,2,"Female",2,2,2,"H","N","Machinists ",3448,13436,6,"No",22,2,1,20,"Y",3,1,0,0,0,92
34,"Non-Travel","Research & Development",13,4,3,"Male",2,1,2,"L","Y","Research and Design Specialists",2979,22478,3,"No",17,4,3,6,"Y",3,0,0,0,0,60
41,"Travel_Rarely","IT_Suppport",11,3,1,"Male",3,4,4,"L","Y","IT specialists",6073,6680,2,"No",18,4,0,6,"Y",2,7,2,2,7,79
55,"Travel_Rarely","Sales",16,5,3,"Male",2,5,1,"H","N","Manager",19586,23037,8,"No",21,3,1,36,"N",3,36,6,2,13,35
28,"Travel_Rarely","Finance",3,3,2,"Male",2,3,2,"L","N","Accountant",9954,10949,8,"No",18,4,1,9,"Y",3,4,3,2,7,42
48,"Travel_Rarely","Research & Development",1,4,4,"Female",2,4,1,"L","N","Manager",15402,17997,1,"No",11,1,1,21,"N",1,3,2,0,2,38
37,"Travel_Rarely","Sales",11,4,4,"Male",2,2,1,"H","Y","Sales Executive",6334,24558,4,"No",19,4,2,9,"Y",3,1,0,0,0,56
40,"Travel_Rarely","Research & Development",16,3,2,"Female",3,4,2,"H","N","Manufacturing Director",13237,20364,7,"No",15,3,0,22,"Y",3,20,6,5,13,54
56,"Travel_Frequently","Sales",18,3,3,"Female",4,4,2,"L","N","Sales Executive",13212,18256,9,"No",11,4,3,36,"N",2,7,7,7,7,43
27,"Travel_Rarely","Research & Development",12,3,2,"Female",3,1,4,"L","Y","Research and Design Specialists",2318,17808,4,"No",19,3,0,1,"Y",3,1,1,0,0,64
55,"Travel_Rarely","Research & Development",5,3,1,"Male",2,1,2,"L","N","Research and Design Specialists",3537,23737,3,"No",12,4,1,8,"N",3,4,2,1,2,44
32,"Travel_Rarely","Research & Development",2,3,3,"Female",2,2,2,"L","N","Manufacturing Director",6162,19124,4,"No",12,3,1,14,"N",3,14,13,6,8,44
29,"Travel_Rarely","Sales",22,2,2,"Female",3,2,2,"H","N","Sales Executive",5561,3487,2,"No",14,1,1,6,"Y",2,6,0,1,2,60
39,"Travel_Rarely","Research & Development",22,2,1,"Male",3,2,3,"L","Y","Manufacturing Director",5151,12315,9,"No",25,4,1,10,"Y",3,10,0,7,9,71
20,"Travel_Rarely","Sales",16,3,3,"Female",2,1,4,"H","Y","Customercare Representative",2044,22052,9,"No",13,4,0,2,"Y",2,2,2,0,2,67
33,"Travel_Frequently","Research & Development",6,3,3,"Male",3,2,1,"L","N","Customercare Representative",7725,5335,6,"No",23,3,1,15,"N",1,13,11,4,7,35
55,"Travel_Rarely","Research & Development",9,4,3,"Male",4,5,2,"H","N","Research Director",18722,13339,8,"No",11,4,0,36,"Y",3,24,15,2,15,59
39,"Travel_Rarely","Finance",24,4,2,"Male",2,2,1,"L","N","Accountant",9825,10808,8,"Yes",15,2,0,7,"N",3,7,5,1,7,30
35,"Travel_Rarely","Research & Development",11,3,2,"Female",4,3,1,"H","N","Manager",11996,19100,7,"No",18,2,1,10,"Y",2,7,7,6,2,56
56,"Travel_Rarely","Research & Development",14,3,4,"Male",3,4,2,"H","Y","Manufacturing Director",13402,18235,3,"Yes",12,1,1,33,"N",3,19,16,15,9,33
54,"Travel_Rarely","Finance",17,4,2,"Female",2,2,2,"L","Y","Accountant",9588,10547,2,"Yes",15,2,0,5,"Y",2,10,6,1,6,67
27,"Travel_Rarely","IT_Suppport",7,3,1,"Male",3,3,4,"L","N","IT specialists",5611,6172,9,"No",16,3,0,10,"N",1,2,5,1,6,38
30,"Travel_Rarely","Research & Development",11,1,2,"Male",3,1,2,"L","N","Research and Design Specialists",2862,3811,6,"No",12,2,1,10,"Y",2,10,0,0,8,50
39,"Travel_Rarely","Production",16,3,2,"Male",4,2,1,"L","N","Production Supervisors",5880,6468,6,"No",18,1,0,7,"N",1,2,4,3,7,30
40,"Travel_Rarely","Sales",22,2,1,"Male",3,2,4,"H","Y","Sales Executive",5473,19345,9,"No",12,4,0,9,"Y",4,8,4,7,1,63
46,"Travel_Rarely","Sales",18,3,3,"Male",3,3,2,"L","Y","Sales Executive",10368,5596,9,"Yes",12,2,1,13,"Y",2,10,6,0,3,61
42,"Travel_Rarely","Sales",20,4,2,"Male",3,2,1,"L","Y","Sales Executive",5087,2900,7,"Yes",12,3,2,14,"Y",3,0,0,0,0,58
36,"Travel_Rarely","Research & Development",9,2,2,"Male",2,2,1,"L","N","Manufacturing Director",8847,13934,8,"Yes",11,3,1,13,"N",3,3,2,0,2,47
47,"Travel_Frequently","Finance",2,3,2,"Female",3,3,2,"H","Y","Accountant",9641,10605,9,"No",17,2,0,5,"Y",1,2,3,3,2,71
28,"Travel_Frequently","Production",16,3,4,"Male",2,1,2,"L","Y","Machinists ",3867,14222,4,"Yes",12,2,1,2,"Y",3,2,2,2,2,72
26,"Travel_Rarely","Research & Development",13,2,2,"Female",2,1,2,"L","Y","Research and Design Specialists",2933,14908,3,"Yes",13,3,1,1,"Y",2,1,0,1,0,59
28,"Travel_Rarely","Research & Development",14,3,4,"Female",3,3,2,"L","Y","Manufacturing Director",7655,8039,7,"No",17,2,3,10,"Y",2,9,7,1,7,62
40,"Travel_Frequently","Production",14,4,1,"Female",2,4,1,"L","N","Production Supervisors",6377,7015,2,"Yes",18,4,0,6,"N",1,10,7,2,7,39
25,"Travel_Rarely","Sales",3,4,1,"Male",3,5,1,"H","N","IT specialists",5874,6461,7,"Yes",18,2,1,9,"N",1,10,4,3,7,50
40,"Non-Travel","Research & Development",14,2,4,"Male",3,2,4,"H","Y","Customercare Representative",4069,8841,7,"Yes",18,3,0,8,"Y",3,2,2,2,2,64
25,"Travel_Rarely","Sales",13,1,3,"Male",2,2,2,"L","N","Sales Executive",4256,18154,5,"No",12,1,0,5,"N",4,5,2,0,3,45
36,"Travel_Rarely","Finance",1,3,1,"Male",2,2,2,"L","Y","Accountant",9318,10250,2,"No",19,2,0,7,"N",3,8,6,3,5,64
53,"Travel_Rarely","Research & Development",25,4,4,"Female",3,4,2,"L","N","Research Director",14275,20206,6,"No",18,3,0,33,"N",3,12,9,3,8,48
33,"Non-Travel","Sales",12,3,3,"Female",3,2,2,"L","N","Sales Executive",5368,16130,8,"Yes",25,3,1,7,"Y",3,6,5,1,2,50
33,"Travel_Rarely","Sales",13,4,2,"Male",3,2,4,"L","Y","Sales Executive",5487,10410,8,"No",14,2,0,10,"Y",2,10,4,0,9,67
46,"Travel_Rarely","Sales",7,4,2,"Female",3,5,4,"L","N","Manager",18947,22822,3,"No",12,4,0,22,"Y",2,2,2,2,1,64
34,"Travel_Rarely","Finance",13,3,2,"Male",3,3,1,"L","N","Accountant",9629,10592,2,"Yes",15,3,0,6,"Y",2,9,2,3,4,36
34,"Travel_Rarely","Research & Development",22,3,2,"Female",2,1,4,"L","Y","Research and Design Specialists",2929,20338,1,"No",12,2,0,10,"Y",3,10,9,8,7,64
35,"Travel_Rarely","Sales",11,4,2,"Female",2,1,2,"H","Y","Sales Representative",2430,26204,9,"No",23,1,2,6,"N",3,5,3,4,2,43
47,"Travel_Rarely","Finance",9,3,1,"Male",2,2,3,"L","Y","Accountant",9839,10823,2,"Yes",20,1,0,7,"Y",3,5,3,1,4,66
28,"Travel_Frequently","Finance",6,4,2,"Female",3,3,4,"L","Y","Accountant",8635,9499,8,"No",20,2,1,6,"Y",3,8,7,2,4,66
45,"Travel_Rarely","IT_Suppport",24,3,1,"Male",3,1,3,"H","N","IT specialists",10003,11003,8,"No",16,3,0,10,"N",2,10,6,3,5,45
36,"Travel_Rarely","Research & Development",8,4,1,"Male",3,2,2,"L","N","Customercare Representative",5347,7419,7,"No",14,2,2,10,"N",2,3,2,0,2,46
42,"Travel_Rarely","Finance",18,4,1,"Male",2,2,2,"L","N","Accountant",9450,10395,4,"Yes",20,4,0,5,"Y",2,2,5,1,3,33
49,"Travel_Rarely","Research & Development",3,2,3,"Female",2,4,1,"H","N","Customercare Representative",13964,17810,7,"Yes",12,4,0,25,"Y",3,7,1,0,7,51
47,"Travel_Rarely","Research & Development",18,3,1,"Male",3,1,2,"L","N","Research and Design Specialists",3420,10205,7,"No",12,3,1,17,"Y",2,6,5,1,2,50
52,"Travel_Rarely","Finance",14,4,2,"Male",3,2,2,"L","Y","Accountant",8719,9591,2,"Yes",16,4,0,5,"Y",3,6,6,1,7,73
31,"Travel_Frequently","Sales",19,4,1,"Male",3,2,1,"L","N","Sales Executive",5617,21075,2,"Yes",11,3,0,10,"N",3,10,7,0,8,23
50,"Travel_Rarely","Production",17,1,4,"Male",4,1,1,"L","N","Machinists ",3221,3297,2,"Yes",11,3,3,20,"N",3,20,8,3,8,32
40,"Non-Travel","Production",18,4,3,"Male",3,2,4,"L","N","Machinists ",3975,23099,3,"No",11,3,2,11,"Y",4,8,7,0,7,65
36,"Travel_Rarely","Human Resources",23,3,3,"Male",3,1,2,"H","Y","Human Resources",2143,25527,2,"No",13,2,1,8,"Y",3,5,2,0,4,54
50,"Travel_Frequently","Human Resources",3,3,1,"Male",3,5,3,"H","N","Manager",18200,7999,5,"No",11,3,1,32,"Y",3,32,5,10,7,86
27,"Travel_Rarely","Production",15,4,3,"Female",3,1,2,"L","Y","Machinists ",2811,12086,7,"No",14,2,1,4,"Y",3,2,2,2,2,60
35,"Travel_Rarely","Sales",21,3,4,"Male",2,3,2,"L","Y","Sales Executive",10306,21530,9,"No",17,3,0,15,"Y",3,13,12,6,0,54
20,"Travel_Frequently","Production",8,3,4,"Female",2,1,2,"H","N","Machinists ",2926,19783,1,"Yes",18,2,0,1,"Y",3,1,0,1,0,61
41,"Travel_Rarely","Finance",15,3,2,"Male",3,2,2,"H","Y","Accountant",8352,9187,7,"Yes",19,3,0,8,"Y",3,8,3,2,5,55
28,"Travel_Rarely","Production",20,4,4,"Male",2,1,1,"L","Y","Machinists ",3196,12449,8,"No",12,3,3,6,"Y",3,6,5,3,3,58
26,"Travel_Rarely","Sales",3,3,4,"Female",2,1,2,"L","Y","Sales Representative",2966,21378,4,"No",18,4,0,5,"Y",3,4,2,0,0,92
21,"Travel_Rarely","Sales",18,1,2,"Male",3,1,2,"L","Y","Sales Representative",2679,4567,8,"No",13,2,0,1,"N",3,1,0,1,0,48
34,"Non-Travel","Research & Development",21,4,4,"Male",1,1,2,"L","N","Research and Design Specialists",2307,14460,5,"Yes",23,2,1,5,"N",3,5,2,3,0,11
38,"Travel_Rarely","Sales",3,3,1,"Male",2,1,2,"L","Y","Sales Representative",2858,11473,5,"No",14,1,0,20,"Y",2,1,0,0,0,54
32,"Travel_Rarely","Sales",17,4,4,"Male",1,3,2,"L","Y","Sales Executive",10400,25812,1,"No",11,3,0,14,"N",2,14,8,9,8,48
55,"Travel_Rarely","Research & Development",1,3,4,"Male",3,5,2,"L","Y","Manager",19045,18938,0,"Yes",14,3,0,37,"N",3,36,10,4,13,36
24,"Travel_Rarely","Human Resources",3,1,4,"Male",1,1,2,"L","N","Human Resources",1555,11585,6,"No",11,3,1,1,"N",3,1,0,0,0,12
18,"Non-Travel","Production",14,1,3,"Male",3,1,1,"H","N","Machinists ",1904,13556,8,"No",12,4,0,0,"Y",3,0,0,0,0,55
32,"Travel_Frequently","Production",1,2,4,"Male",3,1,2,"H","N","Machinists ",3068,11864,0,"No",13,3,0,8,"Y",2,7,7,3,6,61
41,"Travel_Rarely","Finance",4,4,2,"Male",2,2,1,"L","Y","Accountant",8903,9793,5,"No",20,1,0,8,"Y",2,3,2,2,3,71
34,"Travel_Rarely","Research & Development",23,3,4,"Female",3,2,2,"L","N","Research and Design Specialists",5433,19332,9,"No",12,3,1,11,"Y",3,11,8,7,9,62
44,"Non-Travel","Production",17,3,3,"Male",2,1,1,"L","Y","Machinists ",3162,7973,9,"No",14,4,0,7,"Y",3,5,2,0,3,55
40,"Travel_Rarely","Finance",4,4,1,"Male",2,2,1,"L","Y","Accountant",8059,8865,9,"Yes",16,1,1,9,"Y",3,2,6,3,6,67
39,"Travel_Rarely","Human Resources",9,3,3,"Female",4,2,2,"H","N","Human Resources",6389,18767,9,"No",15,3,1,12,"Y",1,8,3,3,6,59
46,"Travel_Frequently","Sales",19,4,1,"Male",3,2,2,"H","N","Sales Executive",5772,20445,4,"Yes",21,3,0,14,"Y",3,9,6,0,8,64
35,"Travel_Rarely","IT_Suppport",11,3,1,"Female",3,3,3,"H","Y","IT specialists",10818,11900,9,"Yes",16,2,0,8,"Y",1,2,6,2,6,78
45,"Travel_Rarely","Research & Development",13,2,2,"Female",2,2,2,"L","Y","Manufacturing Director",5906,23888,5,"No",13,4,2,10,"Y",2,9,8,3,8,61
48,"Travel_Rarely","Production",23,2,1,"Male",2,3,2,"L","N","Machinists ",5381,19294,9,"Yes",13,4,0,23,"N",3,1,0,0,0,44
34,"Travel_Rarely","Research & Development",2,4,3,"Female",2,1,2,"H","Y","Research and Design Specialists",4381,7530,1,"No",11,3,0,6,"Y",3,6,5,1,3,52
38,"Travel_Rarely","Finance",2,3,1,"Female",3,3,2,"L","Y","Accountant",8923,9815,3,"No",19,2,1,7,"N",1,10,7,1,7,58
40,"Travel_Rarely","Research & Development",17,4,1,"Male",2,2,4,"H","Y","IT specialists",5806,6387,3,"Yes",17,4,1,10,"Y",3,4,4,2,5,80
49,"Travel_Rarely","Research & Development",17,3,3,"Male",3,4,2,"L","Y","Manager",15379,22384,5,"No",14,1,0,23,"Y",3,8,7,0,0,60
35,"Travel_Rarely","Sales",3,4,3,"Female",3,2,2,"L","Y","Sales Executive",5204,13586,2,"Yes",11,4,0,10,"Y",3,10,8,0,9,52
45,"Travel_Rarely","Research & Development",16,3,2,"Female",2,2,3,"H","Y","IT specialists",10330,11363,5,"Yes",16,3,0,9,"Y",1,4,5,2,5,69
38,"Travel_Rarely","Finance",14,3,2,"Male",2,2,2,"L","Y","Accountant",8560,9416,2,"Yes",16,1,0,8,"Y",2,2,5,1,3,75
51,"Travel_Rarely","Research & Development",1,4,2,"Male",2,2,4,"H","N","Manufacturing Director",6132,13983,2,"No",17,3,0,10,"Y",3,1,0,0,0,65
39,"Travel_Rarely","Research & Development",13,3,4,"Male",3,2,2,"L","N","Manufacturing Director",5295,7693,6,"No",21,3,0,7,"Y",3,5,4,1,0,62
32,"Travel_Rarely","Sales",8,4,2,"Male",2,1,2,"L","Y","Sales Representative",2269,18024,4,"No",14,2,1,3,"Y",3,2,2,2,2,72
50,"Travel_Rarely","IT_Suppport",17,4,1,"Male",4,5,1,"L","N","IT specialists",10492,11541,3,"No",19,3,1,7,"N",2,9,3,1,5,41
28,"Travel_Rarely","Sales",16,3,4,"Male",3,2,1,"L","Y","Sales Executive",8463,23490,2,"No",18,4,0,6,"Y",3,5,4,1,3,56
47,"Non-Travel","Research & Development",12,4,3,"Male",3,2,2,"L","Y","Research and Design Specialists",5467,2125,7,"No",18,3,1,16,"Y",4,8,7,1,7,66
25,"Travel_Rarely","Sales",25,3,1,"Male",2,2,1,"L","N","Sales Executive",8639,24835,2,"No",18,4,0,6,"N",3,2,2,2,2,29
43,"Travel_Rarely","IT_Suppport",14,4,2,"Female",4,1,4,"L","N","IT specialists",8574,9431,1,"No",15,1,0,6,"N",2,4,7,2,7,34
43,"Travel_Rarely","Finance",19,4,1,"Male",2,3,2,"L","Y","Accountant",9368,10305,5,"Yes",16,4,1,6,"Y",3,7,4,3,2,83
53,"Travel_Frequently","Production",19,3,2,"Female",2,5,2,"L","N","Production Supervisors",5238,5762,7,"Yes",18,2,1,9,"Y",1,5,7,1,7,30
33,"Travel_Rarely","Sales",6,3,1,"Male",4,2,2,"H","Y","Sales Executive",4037,21816,1,"No",22,1,1,9,"Y",3,9,8,0,8,61
29,"Travel_Rarely","Production",25,1,2,"Female",3,1,1,"H","Y","Machinists ",3131,26342,6,"No",13,1,1,10,"N",3,10,8,0,8,47
48,"Travel_Frequently","Research & Development",25,5,3,"Male",2,4,2,"L","Y","Manager",15202,5602,7,"No",25,2,1,23,"Y",3,2,2,2,2,68
33,"Travel_Rarely","Research & Development",8,4,3,"Male",2,1,2,"L","Y","Research and Design Specialists",2799,3339,3,"Yes",11,2,0,6,"Y",3,3,2,0,2,59
42,"Travel_Rarely","Sales",14,4,2,"Male",3,2,2,"H","N","Sales Executive",5155,2253,1,"No",13,4,0,9,"Y",4,6,4,1,5,62
30,"Travel_Rarely","Production",10,1,4,"Male",3,1,2,"H","Y","Machinists ",2693,13335,1,"No",22,2,1,1,"Y",3,1,0,0,0,57
26,"Travel_Rarely","Research & Development",15,3,1,"Female",3,1,2,"H","N","Research and Design Specialists",2886,3032,1,"No",22,2,2,3,"Y",1,3,2,0,2,54
45,"Travel_Rarely","Production",14,5,3,"Female",1,2,1,"L","N","Machinists ",5769,23447,1,"Yes",14,1,0,10,"N",3,10,7,1,4,40
42,"Travel_Rarely","Research & Development",8,5,1,"Female",3,4,1,"L","Y","Research Director",15992,15901,2,"No",14,2,0,16,"N",3,1,0,0,0,27
51,"Travel_Rarely","Sales",9,4,1,"Female",3,4,2,"L","N","Manager",16307,5594,4,"No",14,3,1,29,"N",2,20,6,4,17,42
50,"Travel_Rarely","Finance",19,3,1,"Male",3,2,1,"L","Y","Accountant",9101,10011,5,"Yes",20,4,1,7,"Y",2,5,5,2,6,77
37,"Travel_Rarely","Research & Development",3,3,3,"Male",3,3,1,"H","N","Manufacturing Director",9434,9606,8,"No",15,3,1,10,"Y",3,10,7,7,8,58
33,"Travel_Rarely","Sales",17,4,4,"Male",3,2,2,"L","N","Sales Executive",5505,3921,9,"No",14,3,2,6,"Y",3,6,2,0,4,60
32,"Travel_Rarely","Research & Development",2,4,1,"Female",4,2,2,"L","N","Research and Design Specialists",5055,10557,7,"No",16,3,0,10,"N",2,7,7,0,7,45
40,"Travel_Rarely","Research & Development",8,4,1,"Male",3,3,2,"L","N","Customercare Representative",10322,26542,6,"No",20,4,1,14,"N",3,11,10,11,1,36
45,"Travel_Rarely","Research & Development",24,2,4,"Female",2,2,3,"L","N","Manufacturing Director",5770,5388,9,"No",19,1,2,10,"Y",3,10,7,3,9,75
24,"Travel_Rarely","Production",16,2,3,"Male",2,1,2,"L","N","Machinists ",2296,10036,3,"No",14,2,3,2,"N",3,1,1,0,0,44
22,"Non-Travel","Production",24,2,4,"Male",4,1,2,"H","N","Machinists ",2935,7324,1,"Yes",13,2,2,1,"Y",2,1,0,0,0,52
41,"Travel_Rarely","Sales",10,3,3,"Male",2,2,3,"L","Y","Sales Executive",8938,12227,8,"No",11,3,1,14,"Y",3,5,4,0,4,81
34,"Travel_Rarely","Finance",14,4,2,"Male",3,3,2,"L","N","Accountant",9481,10429,5,"No",16,4,0,10,"N",2,4,7,2,6,46
35,"Travel_Frequently","Finance",24,4,2,"Male",3,2,2,"L","Y","Accountant",8021,8823,5,"No",18,2,1,9,"Y",3,9,2,2,3,83
19,"Non-Travel","Research & Development",24,3,1,"Female",2,1,2,"H","N","Research and Design Specialists",1859,6148,9,"Yes",25,2,0,1,"N",4,1,1,0,0,36
32,"Travel_Rarely","Research & Development",22,2,1,"Male",4,1,3,"H","N","Research and Design Specialists",3298,15053,0,"Yes",12,4,2,7,"Y",2,6,2,0,5,76
30,"Travel_Rarely","Research & Development",7,3,4,"Female",3,1,2,"L","Y","Research and Design Specialists",3204,10415,5,"No",14,4,1,8,"N",3,3,2,2,2,46
35,"Non-Travel","Production",17,3,3,"Male",2,1,2,"H","N","Machinists ",1281,16900,6,"No",18,3,2,1,"Y",3,1,0,0,0,73
37,"Travel_Rarely","Finance",24,4,2,"Male",2,2,1,"L","Y","Accountant",8745,9620,4,"No",16,2,0,10,"Y",2,8,3,1,4,82
55,"Travel_Rarely","Finance",12,3,1,"Male",3,2,4,"L","Y","Accountant",8618,9480,2,"Yes",15,4,1,8,"Y",2,3,6,3,5,73
45,"Travel_Frequently","Research & Development",4,4,2,"Male",3,2,2,"L","Y","Customercare Representative",5399,14511,5,"No",12,3,0,12,"Y",3,4,2,0,3,73
35,"Non-Travel","Sales",14,2,3,"Female",2,3,2,"H","N","Sales Executive",10377,13755,4,"Yes",11,2,1,16,"Y",2,13,2,4,12,62
38,"Travel_Rarely","Sales",19,4,4,"Female",2,2,2,"H","N","Sales Executive",4028,7791,4,"No",20,1,0,8,"Y",3,7,7,0,5,60
33,"Travel_Rarely","Research & Development",15,5,4,"Male",3,2,1,"H","N","Customercare Representative",6388,22049,5,"Yes",17,1,0,14,"Y",3,0,0,0,0,58
48,"Travel_Frequently","Production",5,4,1,"Female",4,5,4,"L","N","Production Supervisors",5921,6513,5,"No",15,2,0,5,"Y",1,5,3,1,6,38
28,"Travel_Frequently","Sales",2,3,3,"Male",3,2,1,"L","Y","Sales Executive",4898,11827,9,"No",14,4,0,5,"Y",3,4,2,1,3,55
28,"Travel_Rarely","Production",14,4,3,"Male",3,1,2,"L","N","Machinists ",3441,11179,1,"Yes",13,3,0,2,"N",2,2,2,2,2,46
30,"Travel_Rarely","Sales",12,3,2,"Female",3,2,1,"L","N","Sales Executive",6577,19558,0,"No",11,2,0,6,"N",3,5,4,4,4,39
39,"Non-Travel","Research & Development",18,3,4,"Male",3,5,2,"L","Y","Manager",19431,15302,3,"No",13,3,0,21,"Y",2,6,0,1,3,52
24,"Non-Travel","Production",9,3,3,"Male",2,1,2,"H","Y","Machinists ",2694,26551,5,"No",11,3,3,1,"Y",3,1,0,0,0,54
37,"Travel_Rarely","IT_Suppport",16,4,1,"Male",4,2,4,"L","Y","IT specialists",6366,7003,8,"No",17,3,0,5,"Y",2,4,3,3,5,70
27,"Travel_Rarely","Sales",7,3,4,"Female",2,2,2,"L","N","Sales Executive",5769,7100,8,"Yes",11,4,0,6,"Y",3,6,2,4,4,50
53,"Travel_Frequently","Production",1,3,1,"Male",4,4,2,"L","N","Production Supervisors",6432,7075,4,"No",16,2,0,8,"N",1,5,7,3,4,33
39,"Non-Travel","Production",13,3,4,"Male",3,2,4,"L","N","Machinists ",6472,8989,2,"Yes",15,4,1,9,"Y",3,9,8,5,8,69
22,"Travel_Rarely","Production",18,3,2,"Female",3,1,3,"H","N","Machinists ",2871,23785,1,"No",15,3,0,1,"Y",3,0,0,0,0,62
40,"Travel_Frequently","Research & Development",19,3,2,"Female",3,2,2,"L","N","Research and Design Specialists",5605,8504,1,"No",11,1,1,20,"N",3,20,7,2,13,44
22,"Travel_Rarely","Research & Development",16,1,2,"Female",3,2,1,"H","N","Manufacturing Director",4171,10022,6,"Yes",19,1,1,4,"N",4,3,2,0,2,26
29,"Travel_Rarely","Research & Development",11,3,4,"Female",2,1,2,"L","N","Research and Design Specialists",2109,10007,9,"No",13,3,1,1,"N",3,1,0,0,0,49
32,"Travel_Rarely","Research & Development",8,4,1,"Female",3,2,2,"L","N","Research and Design Specialists",6322,18089,8,"Yes",12,4,1,6,"N",2,6,4,0,5,42
29,"Travel_Rarely","Finance",13,3,1,"Male",2,3,1,"L","N","Accountant",9234,10157,2,"Yes",20,4,1,10,"N",1,6,3,1,6,28
31,"Travel_Rarely","Sales",3,4,1,"Female",3,2,2,"L","N","Sales Executive",5476,22589,5,"No",11,1,2,10,"Y",3,10,0,0,2,59
42,"Travel_Frequently","Research & Development",12,4,4,"Female",2,2,2,"L","N","Customercare Representative",4523,4386,0,"No",11,4,3,7,"N",4,6,5,0,4,19
34,"Travel_Rarely","Sales",16,4,3,"Female",3,1,2,"L","N","Sales Representative",2220,18410,5,"Yes",19,4,1,1,"N",3,1,1,0,0,42
56,"Travel_Frequently","Research & Development",20,3,1,"Female",3,1,1,"L","N","Research and Design Specialists",2942,12154,2,"No",19,2,1,18,"N",3,5,4,0,3,35
33,"Travel_Rarely","Production",15,3,3,"Male",3,1,2,"H","N","Machinists ",2496,6670,4,"No",11,4,0,7,"Y",3,1,1,0,0,72
48,"Travel_Rarely","Sales",13,3,3,"Male",3,2,4,"H","N","Sales Executive",5486,24795,5,"No",11,1,3,15,"Y",3,2,2,2,2,69
35,"Travel_Rarely","Research & Development",18,2,4,"Female",2,2,2,"L","N","Manufacturing Director",4788,25388,1,"Yes",11,4,0,4,"Y",3,3,2,0,2,50
35,"Travel_Rarely","Sales",22,4,3,"Male",3,2,2,"L","N","Sales Executive",8966,21026,9,"Yes",15,4,3,15,"Y",3,7,7,1,7,57
47,"Travel_Frequently","Sales",17,1,2,"Male",3,2,4,"H","N","Sales Representative",2976,25751,3,"No",19,1,0,5,"Y",3,0,0,0,0,63
33,"Travel_Rarely","Sales",25,5,4,"Male",4,3,4,"L","Y","Sales Executive",8380,21708,5,"Yes",14,4,2,10,"Y",3,9,8,0,8,79
29,"Travel_Rarely","Finance",9,3,2,"Female",3,2,2,"L","Y","Accountant",9438,10382,9,"Yes",18,1,0,7,"Y",3,8,2,2,6,70
32,"Travel_Rarely","Production",18,4,1,"Male",3,1,1,"H","N","Machinists ",2795,18016,7,"Yes",24,3,0,1,"N",1,1,0,0,1,23
36,"Travel_Rarely","Production",8,4,3,"Male",1,1,1,"L","N","Machinists ",2741,6865,7,"No",14,3,1,7,"Y",3,7,7,1,7,58
33,"Travel_Rarely","Research & Development",22,4,4,"Male",3,1,1,"L","N","Research and Design Specialists",2686,5207,8,"Yes",13,3,0,10,"N",2,10,9,7,8,38
23,"Travel_Rarely","Research & Development",12,3,4,"Male",4,1,3,"L","N","Research and Design Specialists",2073,12826,8,"No",16,4,1,4,"Y",3,2,2,2,2,76
18,"Travel_Rarely","Production",4,3,3,"Male",3,1,2,"L","N","Machinists ",1420,25233,1,"No",13,3,0,0,"N",3,0,0,0,0,42
34,"Travel_Frequently","Research & Development",20,3,2,"Male",3,4,1,"L","N","Research Director",17007,11929,5,"No",14,4,2,16,"Y",2,14,8,6,9,55
24,"Travel_Frequently","Production",21,3,1,"Female",3,1,1,"L","N","Machinists ",2886,14168,8,"Yes",16,4,1,6,"N",3,6,3,1,2,34
21,"Travel_Rarely","Sales",10,3,3,"Female",4,1,1,"L","N","Sales Representative",2716,25422,1,"No",15,4,0,1,"N",3,1,0,0,0,37
42,"Travel_Rarely","Sales",19,4,3,"Male",3,2,2,"H","Y","Sales Executive",6825,21173,0,"No",11,4,1,10,"Y",3,9,7,4,2,62
48,"Travel_Rarely","Finance",14,3,1,"Male",2,2,2,"L","N","Accountant",8065,8872,9,"Yes",18,1,1,8,"N",1,2,4,1,7,42
56,"Travel_Rarely","Sales",22,5,4,"Female",2,2,3,"L","Y","Sales Executive",5380,20328,4,"No",16,3,1,6,"Y",3,0,0,0,0,83
30,"Travel_Rarely","Production",16,4,3,"Male",3,2,2,"H","N","Machinists ",3491,11309,9,"No",13,1,3,10,"Y",2,10,7,8,9,66
21,"Travel_Rarely","Research & Development",22,2,4,"Male",2,1,2,"H","N","Research and Design Specialists",3230,10531,1,"No",17,1,0,3,"Y",4,3,2,1,0,59
24,"Travel_Rarely","Research & Development",21,3,2,"Male",4,1,2,"H","N","Research and Design Specialists",2725,21630,3,"Yes",11,2,2,6,"Y",3,6,5,1,4,59
55,"Travel_Rarely","Sales",25,5,1,"Female",3,4,2,"H","N","Manager",16835,9873,3,"No",23,4,0,37,"Y",3,10,9,7,7,57
46,"Travel_Rarely","Research & Development",18,4,3,"Male",3,5,2,"L","Y","Research Director",19328,14218,1,"Yes",17,3,1,24,"Y",3,2,1,2,2,60
48,"Travel_Rarely","Finance",6,3,1,"Male",2,2,2,"L","Y","Accountant",8911,9802,6,"Yes",17,2,0,8,"N",2,7,6,1,7,70
34,"Travel_Rarely","Sales",1,3,3,"Male",3,3,4,"L","Y","Sales Executive",9713,24444,3,"Yes",13,4,3,9,"Y",3,5,3,1,0,63
33,"Travel_Rarely","Finance",10,4,2,"Female",2,3,1,"L","N","Accountant",8359,9195,5,"Yes",15,3,0,6,"N",2,8,4,2,5,32
33,"Travel_Rarely","Production",15,4,1,"Male",2,2,3,"L","N","Production Supervisors",5758,6334,7,"Yes",15,1,1,9,"N",1,2,2,1,5,37
35,"Travel_Rarely","Finance",17,3,2,"Female",3,3,3,"H","Y","Accountant",8184,9002,2,"Yes",20,2,0,6,"Y",3,2,5,1,2,51
36,"Travel_Rarely","Sales",24,4,3,"Female",2,2,1,"H","N","Sales Executive",5647,13494,7,"No",13,1,2,11,"Y",2,3,2,0,2,58
30,"Travel_Rarely","Sales",4,4,4,"Female",3,2,2,"L","Y","Sales Executive",4779,12761,7,"No",14,2,2,8,"Y",3,3,2,0,2,70
34,"Travel_Frequently","Research & Development",2,1,4,"Male",2,2,2,"H","Y","Manufacturing Director",9547,14074,1,"No",17,3,0,10,"Y",2,10,9,1,9,77
26,"Travel_Rarely","Research & Development",18,2,4,"Male",4,2,2,"H","Y","Manufacturing Director",5472,3334,7,"No",12,2,0,8,"Y",3,8,7,1,3,52
30,"Travel_Rarely","Sales",4,3,3,"Male",2,2,1,"L","Y","Sales Executive",6578,2706,4,"No",18,1,1,10,"Y",3,10,3,1,4,55
33,"Travel_Frequently","Sales",6,3,2,"Male",2,2,4,"H","N","Sales Executive",4682,4317,3,"No",14,3,0,9,"Y",2,7,7,0,1,67
40,"Travel_Rarely","Research & Development",6,3,1,"Female",2,3,2,"L","Y","Manufacturing Director",10435,25800,5,"No",13,4,2,18,"Y",3,18,15,14,12,50
56,"Travel_Rarely","Production",25,2,4,"Male",3,1,2,"L","Y","Machinists ",2339,3666,8,"No",11,4,1,14,"Y",1,10,9,9,8,53
30,"Travel_Rarely","Sales",18,2,3,"Male",3,3,2,"L","Y","Sales Executive",7264,9977,8,"No",11,1,1,10,"Y",4,8,4,7,7,70
38,"Travel_Rarely","Research & Development",4,2,4,"Female",2,3,4,"L","N","Manufacturing Director",7756,14199,8,"Yes",19,4,1,10,"Y",4,5,4,0,2,65
29,"Travel_Rarely","Research & Development",2,4,3,"Female",3,1,1,"L","N","Research and Design Specialists",2514,26968,6,"No",22,1,1,11,"N",3,7,5,1,7,47
51,"Travel_Rarely","Research & Development",18,3,1,"Male",3,5,2,"L","N","Research Director",19537,6462,7,"No",13,3,0,23,"N",3,20,18,15,15,43
39,"Non-Travel","Production",22,3,1,"Female",2,1,1,"L","Y","Machinists ",3646,17181,1,"Yes",23,2,0,11,"N",4,1,0,0,0,40
42,"Non-Travel","Research & Development",16,2,3,"Female",3,2,1,"H","N","Manufacturing Director",5265,16439,2,"No",16,2,1,11,"Y",3,5,3,0,2,55
35,"Travel_Rarely","Production",11,3,2,"Male",3,1,2,"L","N","Machinists ",3917,9541,7,"No",20,1,1,3,"N",2,3,2,1,2,41
52,"Travel_Rarely","Finance",18,4,1,"Male",2,3,2,"L","N","Accountant",8098,8908,1,"No",16,1,1,8,"Y",3,5,5,1,5,36
39,"Non-Travel","Production",10,3,3,"Male",3,2,2,"L","N","Machinists ",6782,8770,7,"No",15,3,0,9,"N",2,5,4,0,3,49
37,"Travel_Frequently","Research & Development",1,3,2,"Male",3,1,1,"L","Y","Research and Design Specialists",2326,11411,1,"Yes",12,3,3,4,"N",2,4,2,1,2,40
52,"Travel_Rarely","Research & Development",24,3,2,"Male",2,2,3,"H","Y","IT specialists",5004,5504,6,"No",16,3,0,10,"Y",2,3,2,2,2,52
36,"Travel_Rarely","Research & Development",21,3,4,"Female",3,1,2,"L","N","Research and Design Specialists",2543,11868,4,"No",13,2,1,6,"N",3,2,2,2,2,49
32,"Travel_Rarely","Research & Development",15,2,3,"Female",3,3,1,"H","N","Research Director",11159,19373,1,"No",15,4,0,10,"Y",3,7,7,7,7,51
23,"Travel_Rarely","Production",12,1,1,"Male",3,2,2,"L","Y","Machinists ",2272,24812,9,"No",14,2,0,5,"N",3,4,3,1,2,42
34,"Non-Travel","Sales",24,3,4,"Male",3,2,2,"L","N","Sales Executive",4001,12313,7,"Yes",14,3,1,15,"Y",3,15,14,0,7,61
37,"Travel_Rarely","IT_Suppport",20,4,2,"Male",3,2,2,"L","Y","IT specialists",8648,9513,5,"No",16,4,1,8,"Y",3,3,7,1,7,65
35,"Travel_Rarely","Finance",22,3,2,"Female",2,3,4,"H","N","Accountant",8872,9759,6,"Yes",19,4,1,10,"N",3,3,5,2,4,47
38,"Travel_Rarely","Research & Development",5,3,4,"Male",3,1,2,"L","Y","Research and Design Specialists",3944,4306,5,"Yes",11,3,0,6,"Y",3,3,2,1,2,62
26,"Travel_Rarely","Finance",17,3,1,"Male",3,3,2,"L","Y","Accountant",8281,9109,7,"No",19,2,1,9,"N",1,9,6,2,5,75
30,"Travel_Rarely","Sales",10,5,3,"Male",3,2,1,"L","N","Sales Executive",5304,25275,6,"No",23,4,1,10,"N",2,8,7,7,7,47
26,"Travel_Rarely","Human Resources",15,2,4,"Female",3,1,1,"L","N","Human Resources",2148,6889,7,"Yes",11,3,0,6,"N",3,5,1,1,4,38
23,"Travel_Rarely","Research & Development",2,2,4,"Male",3,1,2,"H","N","Research and Design Specialists",1223,16901,1,"No",22,4,1,1,"Y",3,1,0,0,1,72
37,"Non-Travel","Research & Development",17,5,2,"Female",3,2,1,"L","N","Research and Design Specialists",4449,23866,3,"Yes",15,1,2,15,"N",3,13,11,10,7,31
38,"Travel_Rarely","Research & Development",1,3,4,"Female",3,3,2,"H","Y","Research Director",13582,16292,2,"No",13,2,1,15,"Y",3,15,12,5,11,59
29,"Travel_Rarely","Production",7,2,4,"Male",2,2,1,"L","N","Machinists ",4025,23679,3,"Yes",13,1,1,10,"N",3,4,3,0,3,38
39,"Travel_Rarely","Finance",20,3,1,"Female",2,3,1,"L","N","Accountant",9330,10263,3,"No",19,3,1,7,"N",3,6,5,1,4,29
32,"Travel_Frequently","Production",3,3,3,"Female",2,1,3,"L","N","Machinists ",2743,7331,5,"No",20,3,1,2,"Y",3,2,2,2,2,86
54,"Travel_Rarely","Finance",4,3,1,"Female",3,3,2,"L","Y","Accountant",8453,9298,8,"Yes",18,4,1,5,"N",1,10,7,3,3,72
37,"Travel_Rarely","Research & Development",15,3,4,"Female",2,2,2,"H","Y","Manufacturing Director",6474,9961,6,"No",13,2,1,14,"Y",2,14,8,3,11,70
42,"Non-Travel","Research & Development",19,4,3,"Male",3,1,1,"L","N","Research and Design Specialists",2936,6161,2,"No",22,2,2,10,"Y",2,6,3,3,3,58
56,"Travel_Rarely","Research & Development",15,4,4,"Female",3,5,2,"H","Y","Manager",19943,18575,1,"No",13,4,1,28,"Y",3,5,2,4,2,61
60,"Travel_Rarely","Research & Development",25,4,3,"Male",1,3,2,"L","Y","Customercare Representative",10883,20467,7,"No",20,3,1,19,"Y",4,1,0,0,0,59
38,"Travel_Rarely","Finance",11,3,2,"Male",3,3,2,"L","N","Accountant",8891,9780,4,"Yes",16,2,0,7,"N",3,6,5,2,3,35
31,"Travel_Frequently","Production",20,2,3,"Male",2,1,2,"L","N","Machinists ",3479,11652,0,"No",11,2,0,6,"N",4,5,4,1,4,11
44,"Travel_Rarely","Research & Development",22,3,2,"Female",3,5,4,"L","Y","Research Director",19049,3549,9,"Yes",14,4,1,23,"Y",2,22,7,1,10,64
36,"Travel_Rarely","Production",8,3,2,"Female",4,1,1,"L","N","Machinists ",3038,22002,3,"No",12,2,0,5,"Y",3,1,0,0,0,40
26,"Travel_Frequently","Research & Development",13,2,3,"Female",2,1,2,"L","N","Research and Design Specialists",2366,20898,6,"Yes",14,1,1,8,"N",3,8,7,1,7,46
56,"Travel_Rarely","Production",2,2,1,"Male",3,1,2,"L","Y","Machinists ",2587,10261,6,"No",16,4,0,5,"Y",3,4,2,1,0,60
48,"Travel_Rarely","Sales",3,1,2,"Male",4,2,1,"H","N","Sales Executive",8120,18597,3,"No",12,4,0,12,"Y",3,2,2,2,2,55
31,"Travel_Rarely","Research & Development",20,4,3,"Male",3,1,4,"H","Y","Research and Design Specialists",4821,10077,0,"Yes",12,3,1,6,"Y",3,5,2,0,3,63
30,"Travel_Rarely","Research & Development",14,2,2,"Female",4,3,2,"H","N","Research Director",11416,17802,5,"Yes",12,3,3,9,"N",2,8,7,1,7,49
20,"Travel_Rarely","Research & Development",12,3,4,"Female",2,1,2,"H","N","Research and Design Specialists",2836,11757,6,"No",13,4,0,1,"Y",4,1,0,0,0,70
48,"Travel_Rarely","Sales",23,1,1,"Female",3,3,2,"H","N","Manager",12504,23978,3,"No",21,2,1,15,"Y",1,0,0,0,0,52
33,"Non-Travel","Production",16,2,2,"Male",2,1,2,"L","Y","Machinists ",2008,20439,9,"No",12,3,3,1,"Y",2,1,1,0,0,62
28,"Travel_Rarely","Research & Development",14,3,3,"Female",3,1,2,"H","Y","Research and Design Specialists",2377,9834,2,"No",18,2,1,6,"Y",3,2,2,2,2,54
35,"Travel_Rarely","Production",25,4,2,"Male",1,1,2,"L","Y","Machinists ",2705,9696,8,"No",16,2,1,6,"N",4,5,4,0,3,48
27,"Travel_Rarely","Research & Development",22,3,4,"Male",2,1,2,"H","N","Research and Design Specialists",2539,7950,5,"No",13,3,1,4,"Y",3,4,2,2,2,54
25,"Travel_Rarely","Sales",8,2,3,"Male",2,1,1,"H","N","Sales Representative",2413,18798,8,"Yes",18,3,3,1,"N",3,1,0,0,0,23
36,"Travel_Rarely","Research & Development",8,3,3,"Male",3,2,2,"L","N","Research and Design Specialists",4485,26285,4,"No",12,4,0,10,"N",3,8,0,7,7,30
32,"Non-Travel","Production",10,3,3,"Female",2,1,1,"H","N","Machinists ",2332,3974,6,"No",20,3,0,5,"N",3,3,0,0,2,39
46,"Travel_Rarely","Production",20,2,4,"Male",3,3,2,"H","Y","Manufacturing Director",10845,24208,2,"No",13,2,1,13,"Y",3,8,7,0,7,70
55,"Travel_Rarely","Sales",18,2,1,"Male",3,3,2,"L","N","Sales Executive",10239,18092,3,"No",14,4,1,24,"Y",3,1,0,1,0,50
47,"Travel_Rarely","Sales",18,3,3,"Female",3,2,2,"L","N","Sales Executive",4591,24200,9,"Yes",17,3,1,11,"N",2,5,4,1,2,46
39,"Travel_Rarely","Production",5,4,3,"Female",3,1,4,"H","Y","Machinists ",2232,15417,7,"No",14,3,3,7,"Y",3,3,2,1,2,63
30,"Travel_Rarely","Production",10,1,2,"Male",2,1,2,"L","Y","Machinists ",2720,11162,0,"No",13,4,0,6,"N",3,5,3,1,2,44
29,"Travel_Rarely","Production",8,3,2,"Female",3,1,2,"H","N","Machinists ",3339,17285,5,"Yes",13,1,2,10,"N",3,7,7,7,7,30
51,"Travel_Frequently","Research & Development",3,4,1,"Female",2,3,4,"L","Y","Customercare Representative",7484,25796,3,"No",20,3,0,23,"Y",2,13,12,12,8,43
47,"Travel_Rarely","Research & Development",3,4,1,"Female",3,4,4,"L","Y","Research Director",17169,26703,8,"No",19,2,2,26,"Y",4,20,17,5,6,67
31,"Travel_Rarely","Research & Development",25,3,1,"Female",2,1,2,"H","Y","Research and Design Specialists",1261,22262,7,"No",12,3,0,1,"N",4,1,0,0,0,42
43,"Travel_Rarely","Research & Development",21,4,2,"Male",2,4,2,"H","N","Research Director",16627,2671,5,"Yes",14,3,1,21,"Y",2,1,0,0,0,60
51,"Travel_Rarely","Research & Development",16,3,3,"Male",3,1,1,"H","Y","Research and Design Specialists",2723,23231,1,"No",11,2,0,1,"Y",2,1,0,0,0,51
32,"Travel_Rarely","Production",5,4,3,"Female",3,2,3,"H","Y","Manufacturing Director",6725,13554,7,"No",12,3,1,8,"Y",4,8,7,6,3,76
29,"Travel_Frequently","Sales",17,3,3,"Male",4,1,2,"L","N","Sales Representative",1091,10642,6,"No",17,4,0,1,"N",3,1,0,0,0,36
29,"Travel_Rarely","Finance",19,3,1,"Male",3,2,2,"L","N","Accountant",9112,10023,3,"No",20,4,1,8,"Y",2,8,6,3,5,40
47,"Travel_Rarely","Finance",20,4,2,"Female",3,3,2,"L","Y","Accountant",8455,9301,8,"No",15,2,1,8,"N",3,6,3,1,6,56
53,"Travel_Rarely","Finance",4,4,1,"Female",2,3,2,"L","Y","Accountant",8670,9537,3,"Yes",19,3,1,6,"Y",2,3,3,3,5,78
51,"Travel_Rarely","IT_Suppport",3,4,1,"Male",3,5,2,"L","Y","IT specialists",10712,11783,1,"No",19,1,0,6,"Y",3,3,7,2,2,61
44,"Travel_Rarely","Production",14,4,1,"Male",4,1,2,"H","Y","Machinists ",2818,5044,2,"Yes",24,3,1,10,"Y",2,3,2,0,2,61
49,"Travel_Frequently","Research & Development",1,1,2,"Male",3,5,2,"L","Y","Research Director",19161,13738,9,"No",15,4,0,28,"Y",3,5,4,4,3,62
32,"Travel_Rarely","Production",9,3,1,"Female",3,1,1,"H","N","Machinists ",4200,10224,7,"No",22,1,0,10,"Y",4,5,4,0,4,51
25,"Travel_Frequently","Finance",15,3,1,"Female",3,2,1,"L","Y","Accountant",8369,9206,7,"No",16,3,0,5,"Y",2,4,6,2,3,81
42,"Travel_Rarely","Research & Development",9,3,1,"Male",3,5,2,"L","Y","Manager",18880,17312,7,"No",11,1,0,24,"Y",2,22,6,4,14,62
53,"Travel_Frequently","Sales",12,3,3,"Female",2,3,1,"H","Y","Sales Executive",7525,23537,5,"No",12,1,1,30,"Y",3,15,7,6,12,58
53,"Travel_Rarely","Sales",3,2,3,"Male",3,4,4,"H","Y","Manager",14852,13938,3,"No",13,3,1,22,"Y",4,17,13,15,2,97
43,"Travel_Rarely","Finance",9,3,1,"Male",2,3,2,"L","Y","Accountant",8576,9434,2,"No",20,3,0,10,"N",2,10,3,3,7,85
32,"Travel_Frequently","Sales",14,4,4,"Male",3,2,2,"L","Y","Sales Executive",4648,26075,3,"No",13,3,0,4,"Y",4,0,0,0,0,57
30,"Non-Travel","Production",6,3,3,"Male",3,2,1,"H","Y","Machinists ",3072,11012,1,"No",11,3,2,12,"Y",3,12,9,6,10,58
38,"Travel_Frequently","Research & Development",22,3,1,"Male",2,2,2,"H","Y","Customercare Representative",6288,4284,6,"No",15,3,1,13,"Y",2,4,3,1,2,70
31,"Travel_Rarely","Research & Development",25,3,4,"Female",3,2,2,"H","Y","Customercare Representative",5855,17369,4,"Yes",11,3,2,10,"Y",1,9,7,8,5,59
35,"Travel_Rarely","Research & Development",14,1,4,"Female",3,2,2,"L","Y","Customercare Representative",4014,19170,6,"Yes",25,4,1,10,"Y",1,10,6,0,7,53
33,"Non-Travel","Sales",23,2,3,"Male",3,2,2,"H","N","Sales Executive",6146,15480,0,"No",13,1,1,8,"Y",4,7,7,0,7,54
32,"Travel_Rarely","Finance",7,4,2,"Female",2,2,1,"L","N","Accountant",8707,9578,7,"Yes",17,4,1,5,"N",2,4,3,3,6,26
49,"Travel_Rarely","Sales",21,4,4,"Female",3,2,1,"L","N","Sales Executive",4507,8191,2,"No",12,3,0,8,"N",4,5,1,0,4,38
28,"Travel_Rarely","Finance",17,4,2,"Female",2,3,3,"L","Y","IT specialists",10351,11386,2,"No",20,2,1,6,"Y",1,6,7,2,2,59
19,"Travel_Rarely","Research & Development",7,3,2,"Female",4,1,1,"H","N","Research and Design Specialists",2994,21221,3,"Yes",12,4,0,1,"N",3,1,0,0,1,34
42,"Travel_Frequently","Research & Development",24,5,1,"Female",3,3,2,"L","N","Research Director",13191,23281,5,"Yes",17,3,0,20,"Y",3,1,0,0,0,54
48,"Travel_Rarely","Finance",19,4,1,"Male",2,2,2,"L","Y","Accountant",8138,8952,5,"No",18,1,1,6,"N",2,7,2,3,6,79
51,"Travel_Rarely","Finance",2,3,2,"Male",3,2,2,"L","N","Accountant",9560,10516,8,"No",15,4,1,5,"Y",1,10,7,3,2,38
58,"Travel_Rarely","Research & Development",3,3,4,"Female",3,5,2,"L","N","Research Director",19701,22456,4,"Yes",21,3,1,32,"Y",3,9,8,1,5,70
30,"Travel_Frequently","Research & Development",22,3,1,"Male",1,1,2,"L","N","Research and Design Specialists",2613,22310,1,"No",25,3,3,10,"N",2,10,7,0,9,44
29,"Travel_Rarely","Production",8,1,1,"Female",2,1,2,"H","Y","Machinists ",2532,6054,1,"No",14,3,3,8,"Y",3,4,3,0,3,62
35,"Travel_Rarely","Sales",18,3,3,"Female",3,2,1,"L","N","Sales Executive",4601,6179,6,"No",16,2,0,5,"N",3,5,2,1,0,40
21,"Travel_Rarely","Research & Development",14,1,4,"Female",2,1,2,"H","Y","Research and Design Specialists",2070,25326,1,"Yes",11,3,0,2,"Y",4,2,2,2,2,60
27,"Travel_Rarely","Finance",23,4,2,"Male",3,3,2,"L","Y","Accountant",8894,9783,9,"No",18,4,0,6,"Y",1,2,2,2,4,53
22,"Travel_Rarely","Research & Development",15,1,4,"Male",3,1,2,"L","Y","Research and Design Specialists",2472,26092,8,"Yes",23,1,0,1,"Y",3,1,0,0,0,54
51,"Travel_Rarely","Finance",4,3,2,"Male",3,1,1,"H","Y","IT specialists",8160,8976,3,"No",19,4,0,9,"Y",3,5,6,1,2,76
45,"Travel_Rarely","Sales",2,3,1,"Female",1,5,2,"H","Y","Manager",18824,2493,2,"Yes",16,1,0,26,"Y",3,24,10,1,11,50
40,"Travel_Rarely","Sales",19,4,2,"Male",3,5,2,"L","Y","Manager",19833,4349,8,"No",14,2,0,21,"Y",2,21,8,12,8,52
40,"Travel_Frequently","Research & Development",17,4,2,"Female",3,3,2,"L","Y","Research Director",13499,13782,7,"No",17,3,0,20,"Y",2,18,7,2,13,59
26,"Travel_Rarely","Production",17,3,1,"Male",3,1,2,"L","N","Machinists ",2377,19373,1,"No",20,3,1,1,"N",2,1,1,0,0,24
27,"Travel_Rarely","Research & Development",24,3,3,"Female",3,1,2,"H","N","Research and Design Specialists",2478,20938,1,"Yes",12,2,0,4,"Y",2,4,3,1,2,52
32,"Travel_Rarely","Sales",23,1,3,"Male",3,2,4,"H","Y","Sales Executive",4078,20497,7,"Yes",13,1,3,4,"Y",2,3,2,1,2,79
37,"Travel_Frequently","Research & Development",25,3,1,"Male",3,3,2,"L","N","Manufacturing Director",10048,22573,6,"No",11,2,2,17,"N",3,1,0,0,0,33
37,"Travel_Rarely","Finance",6,4,2,"Female",2,3,1,"L","Y","Accountant",8170,8987,8,"Yes",19,1,1,6,"Y",3,3,5,1,3,55
34,"Travel_Frequently","Production",1,4,4,"Male",3,2,2,"L","Y","Machinists ",5346,6208,8,"No",17,3,1,11,"N",2,7,1,0,7,41
27,"Travel_Frequently","Sales",1,1,3,"Male",3,2,2,"H","N","Sales Executive",4342,24008,7,"No",19,2,1,5,"Y",3,4,2,1,1,53
29,"Travel_Rarely","Finance",15,3,2,"Male",2,2,2,"L","N","Accountant",8085,8894,7,"No",15,2,1,6,"N",2,4,2,2,4,31
36,"Travel_Rarely","Research & Development",1,4,2,"Female",2,1,4,"L","N","Research and Design Specialists",3419,13072,9,"Yes",14,4,1,6,"Y",4,1,1,0,0,49
32,"Travel_Rarely","Production",10,4,3,"Female",2,1,2,"L","Y","Machinists ",2837,15919,5,"No",13,3,0,6,"Y",3,6,2,4,1,59
35,"Travel_Rarely","Production",15,2,1,"Male",2,2,2,"L","N","Machinists ",3681,14004,2,"No",14,4,0,9,"N",3,3,2,0,2,43
38,"Travel_Frequently","Production",24,5,4,"Female",3,2,2,"L","N","Machinists ",2406,5456,1,"No",11,4,0,10,"N",3,10,3,9,9,40
37,"Travel_Rarely","Production",20,3,4,"Female",3,1,2,"L","N","Machinists ",3034,26914,1,"No",12,3,1,18,"N",2,18,7,12,17,49
31,"Travel_Rarely","Research & Development",17,1,1,"Male",3,1,1,"L","Y","Research and Design Specialists",2911,15170,1,"No",17,4,1,5,"N",2,5,2,4,3,29
54,"Travel_Rarely","Sales",2,4,3,"Female",2,3,1,"L","N","Sales Executive",10686,8392,9,"No",11,2,1,13,"N",3,9,4,7,0,47
46,"Travel_Frequently","Research & Development",3,1,1,"Female",3,3,1,"H","N","Customercare Representative",10527,8984,5,"No",11,4,0,28,"Y",2,2,2,1,2,51
25,"Travel_Rarely","Production",4,1,4,"Male",3,1,2,"L","Y","Machinists ",3977,7298,5,"Yes",19,3,1,7,"Y",2,2,2,0,2,66
39,"Travel_Rarely","Sales",20,4,2,"Male",3,4,4,"L","Y","Sales Executive",13341,25098,6,"No",12,1,0,21,"Y",3,20,8,11,10,80
55,"Travel_Rarely","IT_Suppport",24,3,1,"Female",4,4,3,"H","Y","IT specialists",6267,6894,8,"Yes",19,2,1,8,"Y",2,8,4,3,2,73
27,"Travel_Rarely","Sales",9,3,4,"Male",3,2,2,"H","N","Sales Executive",4478,5242,1,"Yes",11,1,0,5,"Y",3,5,4,0,4,70
42,"Travel_Frequently","Research & Development",22,3,4,"Male",3,3,2,"L","Y","Customercare Representative",10124,18611,7,"Yes",14,3,1,24,"Y",1,20,8,13,9,50
39,"Travel_Frequently","Research & Development",18,1,2,"Male",3,5,2,"H","N","Manager",19197,8213,1,"Yes",14,3,1,21,"Y",3,21,8,1,6,66
33,"Travel_Rarely","Human Resources",24,3,2,"Male",3,1,2,"L","Y","Human Resources",3600,8429,4,"No",13,4,1,5,"Y",3,5,4,1,4,62
31,"Non-Travel","Research & Development",24,3,3,"Female",3,3,2,"L","N","Research Director",11031,26862,5,"No",20,3,1,13,"N",4,11,7,4,8,46
36,"Travel_Frequently","Production",22,4,3,"Male",4,1,1,"L","Y","Machinists ",3688,7122,4,"No",18,4,2,4,"N",3,1,0,0,0,35
46,"Travel_Rarely","Sales",20,3,1,"Female",4,4,2,"L","Y","Sales Executive",13225,7739,9,"No",12,4,1,25,"N",3,19,17,2,8,42
31,"Travel_Rarely","Research & Development",21,4,3,"Male",2,1,4,"H","N","Research and Design Specialists",2657,7551,0,"Yes",16,4,0,3,"Y",3,2,2,2,2,65
30,"Travel_Rarely","IT_Suppport",2,3,2,"Female",3,1,3,"L","Y","IT specialists",6985,7684,6,"No",15,3,0,5,"Y",1,5,5,2,7,73
37,"Travel_Rarely","Research & Development",3,4,1,"Male",2,2,2,"H","N","Manufacturing Director",5993,2689,1,"No",18,3,1,7,"Y",4,7,5,0,7,66
37,"Travel_Rarely","Finance",25,3,1,"Female",3,3,4,"H","Y","Accountant",9172,10089,8,"Yes",19,4,1,6,"Y",3,6,6,1,6,56
32,"Travel_Rarely","Production",18,3,2,"Male",4,2,1,"L","N","Production Supervisors",6213,6834,6,"Yes",15,4,0,10,"N",2,9,3,2,6,35
37,"Travel_Rarely","Research & Development",22,3,4,"Female",3,1,1,"L","Y","Research and Design Specialists",2115,15881,1,"No",12,2,0,17,"N",3,17,12,5,7,37
38,"Travel_Rarely","Research & Development",21,1,3,"Female",2,3,2,"L","N","Customercare Representative",8823,24608,3,"No",18,1,1,20,"N",2,19,9,1,9,33
54,"Travel_Rarely","Research & Development",8,5,2,"Female",3,4,1,"L","Y","Manager",17426,18685,8,"No",25,3,1,36,"N",3,10,8,4,7,40
44,"Travel_Rarely","Finance",15,3,1,"Female",2,3,1,"L","Y","Accountant",8160,8976,9,"Yes",19,3,1,5,"N",3,3,2,1,2,68
27,"Travel_Rarely","Research & Development",8,3,3,"Female",3,1,4,"L","Y","Research and Design Specialists",3445,6152,5,"No",11,3,0,6,"Y",2,6,2,1,4,79
35,"Travel_Rarely","Human Resources",3,4,3,"Female",3,3,1,"L","N","Human Resources",8837,16642,8,"Yes",16,3,0,9,"N",3,9,0,1,7,29
32,"Travel_Rarely","Finance",19,3,1,"Female",2,2,1,"L","N","Accountant",9189,10108,6,"Yes",15,1,1,5,"Y",3,4,7,1,6,29
27,"Travel_Rarely","Research & Development",5,2,1,"Male",3,1,2,"L","Y","Research and Design Specialists",2517,3208,9,"No",11,2,3,5,"Y",3,5,3,0,3,72
40,"Travel_Frequently","Sales",9,4,4,"Male",2,3,2,"H","N","Sales Executive",10475,23772,2,"Yes",21,3,1,20,"Y",3,18,13,1,12,59
40,"Travel_Frequently","Production",5,3,4,"Female",3,2,2,"L","Y","Machinists ",6323,26849,2,"No",11,1,1,10,"Y",4,10,9,9,4,68
31,"Travel_Rarely","Sales",15,4,1,"Male",4,2,3,"H","N","Sales Executive",5460,6219,4,"No",22,4,2,13,"Y",4,7,7,5,7,71
29,"Travel_Rarely","Research & Development",20,3,3,"Male",3,1,2,"H","N","Research and Design Specialists",2340,22673,1,"No",19,1,0,6,"Y",3,6,5,1,5,57
23,"Travel_Rarely","Research & Development",2,3,1,"Male",4,1,1,"L","N","Research and Design Specialists",2819,8544,2,"No",16,1,1,5,"N",4,3,2,0,2,37
35,"Travel_Rarely","Research & Development",24,1,3,"Female",2,1,2,"L","N","Research and Design Specialists",2559,17852,2,"No",11,4,0,6,"N",2,6,5,1,1,33
26,"Travel_Rarely","IT_Suppport",9,3,2,"Male",4,3,2,"H","Y","IT specialists",5171,5688,3,"No",15,1,1,5,"Y",1,8,7,1,6,68
26,"Travel_Rarely","Human Resources",6,1,3,"Female",3,1,1,"L","N","Human Resources",2942,8916,1,"No",23,4,1,8,"N",3,8,7,5,7,39
40,"Travel_Rarely","Finance",7,3,2,"Male",2,2,1,"L","Y","Accountant",8835,9719,9,"No",20,2,0,7,"N",2,8,7,3,7,74
31,"Travel_Rarely","Finance",17,3,2,"Male",3,2,2,"L","N","Accountant",9339,10273,9,"No",17,4,1,9,"Y",3,2,2,1,7,39
29,"Travel_Rarely","Research & Development",1,3,3,"Male",3,2,4,"H","Y","Customercare Representative",6623,4204,3,"Yes",11,2,2,6,"Y",3,6,0,1,0,65
24,"Non-Travel","Production",1,1,1,"Male",2,1,1,"L","Y","Machinists ",3162,10778,8,"No",17,4,0,6,"Y",2,5,2,3,4,51
31,"Non-Travel","Research & Development",2,2,3,"Male",2,1,1,"H","N","Research and Design Specialists",2321,10322,6,"Yes",22,1,0,4,"N",3,3,2,1,2,47
34,"Travel_Frequently","Research & Development",22,2,4,"Male",3,2,2,"L","Y","Manufacturing Director",4033,15834,8,"No",11,4,0,5,"Y",2,3,2,0,2,60
38,"Travel_Frequently","Production",18,3,4,"Female",2,1,4,"L","Y","Machinists ",2440,23826,4,"No",22,2,0,4,"Y",3,4,3,3,3,65
42,"Travel_Rarely","Research & Development",25,4,3,"Female",3,2,2,"L","N","Customercare Representative",4089,5718,4,"No",13,2,2,10,"N",3,10,2,2,2,46
43,"Travel_Rarely","Finance",8,3,2,"Male",2,2,1,"L","Y","Accountant",8045,8850,8,"Yes",20,1,1,5,"Y",2,8,6,2,4,81
53,"Travel_Rarely","Research & Development",21,4,2,"Male",4,3,1,"L","Y","Customercare Representative",7005,3458,4,"No",15,3,0,11,"N",3,4,3,1,2,29
35,"Travel_Rarely","Research & Development",18,4,3,"Male",2,2,2,"H","N","Customercare Representative",6540,19394,9,"No",19,3,0,10,"Y",3,1,1,0,0,70
54,"Travel_Rarely","Research & Development",16,2,1,"Male",3,5,3,"H","N","Research Director",19406,8509,4,"No",11,3,1,24,"Y",2,4,2,1,2,75
35,"Travel_Rarely","Production",20,1,4,"Male",4,1,2,"H","Y","Machinists ",2269,4892,1,"No",19,4,0,1,"Y",3,1,0,0,1,69
46,"Travel_Rarely","Human Resources",14,2,2,"Male",3,2,2,"L","Y","Human Resources",5021,10425,8,"Yes",22,4,1,16,"Y",3,4,2,0,2,33
32,"Travel_Rarely","Sales",4,4,3,"Female",3,3,2,"L","Y","Sales Executive",10422,24032,1,"No",19,3,2,14,"Y",3,14,10,5,7,70
30,"Travel_Rarely","Production",20,3,4,"Male",1,1,2,"H","Y","Machinists ",3833,24375,6,"No",21,3,2,7,"Y",3,2,2,0,2,73
